0 -3.6536e-06 -1 -1.02396e-05 -0.2581
0 -1 3.65353e-06 6.63275e-06 0.433702
0 -6.63271e-06 1.02396e-05 -1 0.148003
0 0 0 0 1
0 -0.424591 -0.867283 -0.259889 -0.202915
0 -0.883705 0.334543 0.327332 0.494944
0 -0.196945 0.368648 -0.908467 0.263613
0 0 0 0 1
0 -0.836013 -0.533527 -0.128183 -0.0489037
0 -0.533023 0.734184 0.420548 0.544712
0 -0.130264 0.419908 -0.898169 0.267709
0 0 0 0 1
0 -0.957085 -0.289782 0.00380369 0.00930007
0 -0.202245 0.677256 0.707405 0.627402
0 -0.207569 0.676278 -0.706798 0.264783
0 0 0 0 1
0 -0.944712 0.142131 0.295497 0.219563
0 0.319656 0.600022 0.733344 0.612755
0 -0.0730734 0.787256 -0.612281 0.29435
0 0 0 0 1
0 -0.703665 0.526867 0.476725 0.392144
0 0.698217 0.388354 0.601394 0.518741
0 0.131717 0.756037 -0.641138 0.297663
0 0 0 0 1
0 -0.527895 0.673683 0.517184 0.431398
0 0.775133 0.133276 0.617581 0.3767
0 0.347125 0.726904 -0.592549 0.378767
0 0 0 0 1
0 -0.258161 0.609789 0.74934 0.492871
0 0.771192 -0.33711 0.540018 0.242869
0 0.581907 0.717297 -0.383236 0.525532
0 0 0 0 1
0 -0.1591 0.656029 0.737775 0.520793
0 0.80894 -0.341765 0.478344 0.245615
0 0.565954 0.67292 -0.476313 0.480646
0 0 0 0 1
0 0.24281 0.771237 0.588419 0.607783
0 0.889355 -0.419224 0.182483 0.222463
0 0.387417 0.479005 -0.787695 0.286217
0 0 0 0 1
0 0.650417 0.473948 0.593575 0.656311
0 0.59637 -0.802611 -0.0126237 0.0391059
0 0.470427 0.362201 -0.80468 0.291929
0 0 0 0 1
0 0.762898 0.628853 0.1501 0.569206
0 0.626469 -0.77641 0.0687286 0.0202455
0 0.159759 0.0415997 -0.986279 0.191658
0 0 0 0 1
0 0.985164 0.119949 0.122735 0.564002
0 0.118615 -0.992775 0.0181431 -0.143896
0 0.124025 -0.00331568 -0.992274 0.18064
0 0 0 0 1
0 0.899873 -0.42836 0.0820719 0.512805
0 -0.428949 -0.903259 -0.011213 -0.300219
0 0.0789354 -0.0251144 -0.996563 0.16969
0 0 0 0 1
0 0.533382 -0.845026 0.0378818 0.419622
0 -0.845172 -0.534229 -0.016836 -0.436036
0 0.0344644 -0.0230366 -0.99914 0.158808
0 0 0 0 1
0 -4.3464e-06 -1 3.82872e-06 0.291901
0 -1 4.34641e-06 1.22606e-06 -0.5403
0 -1.22607e-06 -3.82871e-06 -1 0.147998
0 0 0 0 1
1 -3.6536e-06 -1 -1.02396e-05 -0.2581
1 -1 3.65353e-06 6.63275e-06 0.433702
1 -6.63271e-06 1.02396e-05 -1 0.148003
1 0 0 0 1
1 -0.533135 -0.846029 0.001292 -0.116952
1 -0.845571 0.532895 0.032142 0.497016
1 -0.0278815 0.0160435 -0.999482 0.153847
1 0 0 0 1
1 -0.638931 -0.731312 -0.238642 -0.127756
1 -0.734893 0.488578 0.470344 0.554676
1 -0.227373 0.475894 -0.849604 0.350266
1 0 0 0 1
1 -0.684394 -0.693751 -0.22431 -0.109873
1 -0.6916 0.520288 0.500988 0.563197
1 -0.230855 0.498006 -0.83588 0.353388
1 0 0 0 1
1 -0.948797 -0.313841 -0.0358874 0.0571947
1 -0.2429 0.652218 0.718061 0.61009
1 -0.201951 0.690011 -0.695054 0.384872
1 0 0 0 1
1 -0.968708 0.0668457 0.239031 0.240186
1 0.238467 0.517726 0.82164 0.603756
1 -0.0688295 0.852931 -0.517466 0.424619
1 0 0 0 1
1 -0.785593 0.30456 0.538597 0.420087
1 0.600739 0.16698 0.781812 0.538369
1 0.148174 0.937743 -0.314139 0.471382
1 0 0 0 1
1 -0.519528 0.317547 0.793256 0.575822
1 0.751796 -0.271323 0.600988 0.415769
1 0.40607 0.908597 -0.0977704 0.523465
1 0 0 0 1
1 -0.312831 0.121046 0.942064 0.687652
1 0.695062 -0.646797 0.313916 0.246036
1 0.647322 0.752995 0.118203 0.578849
1 0 0 0 1
1 -0.263895 -0.183153 0.947003 0.740577
1 0.520073 -0.853882 -0.020218 0.0464856
1 0.812332 0.487175 0.320588 0.635331
1 0 0 0 1
1 -0.383986 -0.458142 0.801661 0.727035
1 0.352084 -0.875272 -0.331566 -0.160764
1 0.853576 0.154935 0.497396 0.690677
1 0 0 0 1
1 -0.35782 -0.797546 0.485679 0.604438
1 0.366922 -0.598368 -0.712267 -0.380958
1 0.858681 -0.0766575 0.506745 0.737554
1 0 0 0 1
1 -0.296429 -0.653984 0.696013 0.678556
1 0.173716 -0.753532 -0.634044 -0.428971
1 0.939123 -0.0670406 0.336977 0.606133
1 0 0 0 1
1 -0.138539 -0.668204 0.730966 0.628347
1 -0.0845122 -0.727414 -0.680975 -0.524905
1 0.986744 -0.156117 0.0443041 0.517274
1 0 0 0 1
1 -0.0514765 -0.800746 0.596789 0.50227
1 -0.375159 -0.538308 -0.754639 -0.63563
1 0.92553 -0.262737 -0.272696 0.439915
1 0 0 0 1
1 0.108527 -0.902383 0.417045 0.405886
1 -0.732098 -0.356356 -0.580554 -0.652638
1 0.672498 -0.242312 -0.699307 0.314315
1 0 0 0 1
1 0.307707 -0.944231 0.11724 0.364885
1 -0.891818 -0.32916 -0.310345 -0.572846
1 0.331628 -0.00906156 -0.943367 0.220514
1 0 0 0 1
1 -4.3464e-06 -1 3.82872e-06 0.291901
1 -1 4.34641e-06 1.22606e-06 -0.5403
1 -1.22607e-06 -3.82871e-06 -1 0.147998
1 0 0 0 1
2 -3.6536e-06 -1 -1.02396e-05 -0.2581
2 -1 3.65353e-06 6.63275e-06 0.433702
2 -6.63271e-06 1.02396e-05 -1 0.148003
2 0 0 0 1
2 -0.534195 -0.845125 -0.0200057 -0.117788
2 -0.844699 0.53269 0.0521977 0.493562
2 -0.0334567 0.0447825 -0.998436 0.166189
2 0 0 0 1
2 -0.68138 -0.731846 -0.0111212 0.0317433
2 -0.692382 0.639562 0.334017 0.564046
2 -0.237336 0.235293 -0.942501 0.260778
2 0 0 0 1
2 -0.934186 -0.34148 0.103381 0.169517
2 -0.218399 0.776437 0.591141 0.573687
2 -0.282131 0.529658 -0.799915 0.334893
2 0 0 0 1
2 -0.949521 0.0384745 0.311334 0.30907
2 0.270159 0.604727 0.749212 0.538209
2 -0.159447 0.795503 -0.584596 0.422967
2 0 0 0 1
2 -0.792346 0.260286 0.55176 0.43225
2 0.603408 0.20105 0.771672 0.455529
2 0.0899239 0.944368 -0.31636 0.521905
2 0 0 0 1
2 -0.601751 0.265232 0.753358 0.519903
2 0.70123 -0.276078 0.657311 0.331858
2 0.382325 0.923814 -0.019859 0.627336
2 0 0 0 1
2 -0.510065 0.106062 0.853572 0.55594
2 0.598544 -0.668919 0.440787 0.181945
2 0.617721 0.73573 0.27771 0.733909
2 0 0 0 1
2 -0.571438 -0.0930782 0.815349 0.531259
2 0.407545 -0.894557 0.183508 0.0272882
2 0.712296 0.437154 0.549118 0.835685
2 0 0 0 1
2 -0.740684 -0.213349 0.637078 0.446561
2 0.242498 -0.969214 -0.0426427 -0.107452
2 0.626563 0.122906 0.769618 0.926595
2 0 0 0 1
2 -0.797946 -0.224614 0.559313 0.41029
2 0.20737 -0.973624 -0.0951523 -0.140891
2 0.565933 0.0400583 0.823478 0.951247
2 0 0 0 1
2 -0.45572 -0.108786 0.883451 0.505706
2 0.16846 -0.985108 -0.0344055 -0.170003
2 0.874037 0.133146 0.467259 0.817854
2 0 0 0 1
2 0.0434484 -0.147982 0.988035 0.530655
2 0.103198 -0.983014 -0.151768 -0.195139
2 0.993711 0.108558 -0.0274389 0.670059
2 0 0 0 1
2 0.241677 -0.251183 0.937283 0.494416
2 -0.247119 -0.95 -0.190872 -0.243142
2 0.938363 -0.185491 -0.291665 0.613627
2 0 0 0 1
2 0.240137 -0.68189 0.690913 0.473426
2 -0.383129 -0.720535 -0.577963 -0.450745
2 0.891934 -0.125919 -0.434279 0.501975
2 0 0 0 1
2 -0.0842419 -0.840541 0.535157 0.368075
2 -0.604193 -0.383987 -0.698215 -0.551258
2 0.792372 -0.382158 -0.475502 0.47062
2 0 0 0 1
2 -0.0413413 -0.938404 0.343059 0.264878
2 -0.874261 -0.132245 -0.467097 -0.56192
2 0.483693 -0.319234 -0.814942 0.38111
2 0 0 0 1
2 -4.3464e-06 -1 3.82872e-06 0.291901
2 -1 4.34641e-06 1.22606e-06 -0.5403
2 -1.22607e-06 -3.82871e-06 -1 0.147998
2 0 0 0 1
3 -3.6536e-06 -1 -1.02396e-05 -0.2581
3 -1 3.65353e-06 6.63275e-06 0.433702
3 -6.63271e-06 1.02396e-05 -1 0.148003
3 0 0 0 1
3 -0.534505 -0.845165 0.000174984 -0.115439
3 -0.844725 0.534234 0.0321543 0.494747
3 -0.0272692 0.0170388 -0.999483 0.147425
3 0 0 0 1
3 -0.687564 -0.711722 0.143902 -0.0815791
3 -0.617585 0.67742 0.399615 0.512941
3 -0.381897 0.185889 -0.905318 0.254738
3 0 0 0 1
3 -0.613654 -0.776053 0.145499 -0.115692
3 -0.476176 0.510736 0.715825 0.526146
3 -0.62983 0.369986 -0.682953 0.304445
3 0 0 0 1
3 -0.903022 -0.426114 0.0545699 -0.105493
3 -0.0890535 0.309945 0.946575 0.568638
3 -0.420262 0.849918 -0.317834 0.455733
3 0 0 0 1
3 -0.923801 -0.109248 0.366957 0.096702
3 0.305707 0.366562 0.878736 0.590942
3 -0.230513 0.923957 -0.305232 0.446466
3 0 0 0 1
3 -0.748225 0.173859 0.640259 0.302903
3 0.66284 0.237101 0.71023 0.544892
3 -0.0283263 0.955801 -0.292645 0.436056
3 0 0 0 1
3 -0.487904 0.0197174 0.872675 0.449374
3 0.871031 0.0763381 0.48526 0.496358
3 -0.0570502 0.996887 -0.0544201 0.503492
3 0 0 0 1
3 -0.582394 0.0697851 0.809906 0.433207
3 0.754419 0.417477 0.506522 0.490656
3 -0.302769 0.906004 -0.295783 0.378019
3 0 0 0 1
3 -0.52212 0.348694 0.778334 0.448105
3 0.791543 0.537929 0.289988 0.37932
3 -0.317571 0.767493 -0.556869 0.353324
3 0 0 0 1
3 -0.138018 0.61497 0.776378 0.567673
3 0.942413 0.322656 -0.0880417 0.180643
3 -0.304646 0.719517 -0.624088 0.31865
3 0 0 0 1
3 -0.279129 0.754834 0.59356 0.533776
3 0.959651 0.241176 0.144584 0.292234
3 -0.0340154 0.609968 -0.791696 0.252959
3 0 0 0 1
3 0.213207 0.722024 0.658198 0.630679
3 0.966937 -0.252414 -0.0363249 0.111485
3 0.139911 0.644181 -0.751968 0.253757
3 0 0 0 1
3 0.614801 0.42988 0.661229 0.66652
3 0.71873 -0.650577 -0.245309 -0.0973125
3 0.324726 0.626061 -0.708943 0.255098
3 0 0 0 1
3 0.805944 -0.0264083 0.591402 0.633325
3 0.309677 -0.832609 -0.459197 -0.313277
3 0.504534 0.553231 -0.662858 0.256971
3 0 0 0 1
3 0.739077 -0.504159 0.446754 0.53034
3 -0.118282 -0.750036 -0.650734 -0.513342
3 0.663155 0.4281 -0.613967 0.259362
3 0 0 0 1
3 0.451358 -0.860595 0.235906 0.364586
3 -0.423298 -0.439222 -0.792403 -0.67478
3 0.785553 0.257799 -0.562535 0.262254
3 0 0 0 1
3 0.511722 -0.844495 0.158016 0.421973
3 -0.652224 -0.501564 -0.568363 -0.58396
3 0.559235 0.187783 -0.807461 0.177504
3 0 0 0 1
3 0.274293 -0.953879 0.121973 0.345676
3 -0.902605 -0.299132 -0.309555 -0.571773
3 0.331764 -0.0251847 -0.943026 0.149635
3 0 0 0 1
3 -4.3464e-06 -1 3.82872e-06 0.291901
3 -1 4.34641e-06 1.22606e-06 -0.5403
3 -1.22607e-06 -3.82871e-06 -1 0.147998
3 0 0 0 1
4 -3.6536e-06 -1 -1.02396e-05 -0.2581
4 -1 3.65353e-06 6.63275e-06 0.433702
4 -6.63271e-06 1.02396e-05 -1 0.148003
4 0 0 0 1
4 -0.269402 -0.9343 -0.233466 -0.272909
4 -0.932205 0.192156 0.306709 0.457693
4 -0.241696 0.300266 -0.922726 0.196753
4 0 0 0 1
4 -0.733635 -0.66356 -0.146523 -0.129631
4 -0.660544 0.645716 0.383057 0.521738
4 -0.159569 0.377809 -0.91203 0.206647
4 0 0 0 1
4 -0.955239 -0.287209 -0.0709174 -0.0226431
4 -0.266469 0.731202 0.627963 0.612174
4 -0.128502 0.618752 -0.775005 0.21032
4 0 0 0 1
4 -0.970546 0.194834 0.141703 0.178893
4 0.240737 0.761759 0.601473 0.591681
4 0.00924431 0.61787 -0.786226 0.208587
4 0 0 0 1
4 -0.715463 0.615991 0.329648 0.366233
4 0.684636 0.524128 0.50652 0.50965
4 0.139234 0.588085 -0.796725 0.206776
4 0 0 0 1
4 -0.427591 0.639275 0.639135 0.547763
4 0.897468 0.215547 0.384825 0.38942
4 0.108245 0.738151 -0.665895 0.186192
4 0 0 0 1
4 -0.152855 0.426317 0.891566 0.624629
4 0.8771 -0.35715 0.321152 0.276375
4 0.455336 0.831082 -0.31933 0.37701
4 0 0 0 1
4 -0.112006 0.0398284 0.992909 0.62584
4 0.620562 -0.777601 0.101195 0.120617
4 0.776117 0.627496 0.0623796 0.572237
4 0 0 0 1
4 -0.20817 -0.160753 0.964792 0.588611
4 0.440047 -0.896326 -0.0543977 0.0302117
4 0.873512 0.41323 0.257327 0.672103
4 0 0 0 1
4 0.28769 0.159405 0.944365 0.659889
4 0.636923 -0.768237 -0.0643563 0.00297963
4 0.715237 0.620002 -0.322543 0.404906
4 0 0 0 1
4 0.435669 0.38199 0.815031 0.721353
4 0.760792 -0.640175 -0.106638 0.0503823
4 0.481028 0.666528 -0.569519 0.260203
4 0 0 0 1
4 0.658436 0.495446 0.566564 0.673433
4 0.615829 -0.787413 -0.0271159 -0.00714515
4 0.432686 0.366761 -0.823571 0.200967
4 0 0 0 1
4 0.771144 0.620835 0.141067 0.564652
4 0.622197 -0.781854 0.0396883 0.0278148
4 0.134933 0.0571659 -0.989204 0.165704
4 0 0 0 1
4 0.987525 0.112598 0.110071 0.562118
4 0.113453 -0.993542 -0.00151275 -0.137469
4 0.10919 0.0139818 -0.993923 0.161231
4 0 0 0 1
4 0.898845 -0.432616 0.0701517 0.512679
4 -0.432197 -0.901515 -0.0218349 -0.295705
4 0.0726889 -0.0106932 -0.997297 0.156789
4 0 0 0 1
4 0.531957 -0.84622 0.0305518 0.420143
4 -0.846106 -0.532623 -0.0204444 -0.433813
4 0.0335731 -0.0149745 -0.999324 0.152378
4 0 0 0 1
4 -4.3464e-06 -1 3.82872e-06 0.291901
4 -1 4.34641e-06 1.22606e-06 -0.5403
4 -1.22607e-06 -3.82871e-06 -1 0.147998
4 0 0 0 1
5 -3.6536e-06 -1 -1.02396e-05 -0.2581
5 -1 3.65353e-06 6.63275e-06 0.433702
5 -6.63271e-06 1.02396e-05 -1 0.148003
5 0 0 0 1
5 -0.533233 -0.845927 0.00839593 -0.120175
5 -0.845009 0.533074 0.042331 0.496548
5 -0.0402846 0.0154777 -0.999068 0.151158
5 0 0 0 1
5 -0.679189 -0.730787 -0.0682081 -0.157052
5 -0.639973 0.54415 0.542526 0.546672
5 -0.359356 0.412129 -0.837265 0.270489
5 0 0 0 1
5 -0.937947 -0.335309 0.0884532 0.0141638
5 -0.159569 0.64378 0.748389 0.604092
5 -0.307885 0.687834 -0.657336 0.348487
5 0 0 0 1
5 -0.936148 0.0325504 0.350095 0.204273
5 0.326942 0.446929 0.832685 0.593868
5 -0.129363 0.893977 -0.429034 0.43798
5 0 0 0 1
5 -0.742112 0.21335 0.635414 0.382723
5 0.656893 0.0430128 0.752756 0.509708
5 0.13327 0.976028 -0.172069 0.535233
5 0 0 0 1
5 -0.504013 0.144334 0.851551 0.517469
5 0.757803 -0.399122 0.516175 0.360246
5 0.414374 0.905466 0.0917861 0.63577
5 0 0 0 1
5 -0.367369 -0.114988 0.92294 0.582528
5 0.674504 -0.71618 0.179253 0.16872
5 0.640379 0.688378 0.340662 0.73468
5 0 0 0 1
5 -0.397808 -0.421991 0.814661 0.564668
5 0.532198 -0.829425 -0.169761 -0.0311771
5 0.747338 0.366029 0.554535 0.826959
5 0 0 0 1
5 -0.552239 -0.632655 0.542936 0.467359
5 0.457287 -0.774403 -0.43725 -0.202406
5 0.69708 0.00681144 0.716961 0.90785
5 0 0 0 1
5 -0.590352 -0.656507 0.469556 0.438164
5 0.456968 -0.751388 -0.476022 -0.231791
5 0.66533 -0.0664484 0.743586 0.923122
5 0 0 0 1
5 -0.353129 -0.564005 0.746457 0.669216
5 0.316794 -0.822811 -0.47183 -0.142553
5 0.880307 0.0698563 0.469232 0.72343
5 0 0 0 1
5 -0.297159 -0.409043 0.862775 0.656114
5 0.148027 -0.912403 -0.381587 -0.142614
5 0.943284 0.0143221 0.331678 0.668084
5 0 0 0 1
5 -0.168129 -0.474486 0.864058 0.567779
5 0.0666948 -0.880002 -0.470264 -0.261981
5 0.983506 -0.0214367 0.179599 0.675424
5 0 0 0 1
5 -0.0332667 -0.767042 0.640734 0.538807
5 -0.00769292 -0.640874 -0.767608 -0.48421
5 0.999417 -0.0304649 0.0154189 0.567252
5 0 0 0 1
5 0.0379108 -0.658047 0.752022 0.564435
5 -0.33209 -0.718086 -0.611611 -0.480941
5 0.942486 -0.226552 -0.245754 0.478208
5 0 0 0 1
5 0.249657 -0.898808 0.3603 0.508026
5 -0.63648 -0.43273 -0.638465 -0.565023
5 0.72977 -0.0699264 -0.680108 0.252422
5 0 0 0 1
5 0.113812 -0.989753 0.086234 0.364462
5 -0.887279 -0.14031 -0.439373 -0.587647
5 0.44697 -0.0265077 -0.894156 0.199343
5 0 0 0 1
5 -4.3464e-06 -1 3.82872e-06 0.291901
5 -1 4.34641e-06 1.22606e-06 -0.5403
5 -1.22607e-06 -3.82871e-06 -1 0.147998
5 0 0 0 1
6 -3.6536e-06 -1 -1.02396e-05 -0.2581
6 -1 3.65353e-06 6.63275e-06 0.433702
6 -6.63271e-06 1.02396e-05 -1 0.148003
6 0 0 0 1
6 -0.533769 -0.845606 0.00650121 -0.122909
6 -0.845016 0.533658 0.0340303 0.494218
6 -0.0322457 0.0126707 -0.9994 0.148542
6 0 0 0 1
6 -0.701391 -0.66373 -0.259833 -0.0787683
6 -0.677595 0.507776 0.532005 0.554845
6 -0.221171 0.549205 -0.805889 0.325303
6 0 0 0 1
6 -0.965636 -0.257393 -0.0360022 0.0820522
6 -0.209379 0.688367 0.694486 0.567044
6 -0.153973 0.678159 -0.718605 0.358993
6 0 0 0 1
6 -0.953726 0.178257 0.242139 0.243024
6 0.300595 0.584103 0.753967 0.532641
6 -0.00703359 0.791864 -0.610657 0.396669
6 0 0 0 1
6 -0.700447 0.47846 0.529575 0.389755
6 0.681828 0.229322 0.694638 0.452327
6 0.210914 0.847636 -0.486856 0.437661
6 0 0 0 1
6 -0.33352 0.532721 0.7778 0.508283
6 0.817369 -0.247706 0.520144 0.331617
6 0.469757 0.809228 -0.352815 0.481148
6 0 0 0 1
6 -0.0432772 0.358469 0.932538 0.581599
6 0.711552 -0.644156 0.280637 0.195208
6 0.7013 0.675694 -0.227192 0.522075
6 0 0 0 1
6 0.174421 0.658757 0.731858 0.590896
6 0.661694 -0.628834 0.408324 0.20943
6 0.729203 0.413046 -0.545578 0.392366
6 0 0 0 1
6 0.411017 0.325759 0.851438 0.641545
6 0.317141 -0.926731 0.201472 0.0554408
6 0.854685 0.187217 -0.484214 0.407982
6 0 0 0 1
6 0.414501 -0.0794483 0.906574 0.652009
6 -0.106764 -0.993548 -0.0382561 -0.108164
6 0.903764 -0.0809322 -0.420309 0.424342
6 0 0 0 1
6 0.189939 -0.416686 0.888986 0.620683
6 -0.47064 -0.833296 -0.290027 -0.270771
6 0.861639 -0.363305 -0.354384 0.441375
6 0 0 0 1
6 0.338267 -0.796144 0.501728 0.5482
6 -0.639797 -0.585545 -0.497791 -0.435893
6 0.690098 -0.152618 -0.707441 0.272027
6 0 0 0 1
6 0.274922 -0.954365 0.116641 0.424744
6 -0.893031 -0.298418 -0.336811 -0.519761
6 0.356249 -0.011567 -0.93432 0.162711
6 0 0 0 1
6 -4.3464e-06 -1 3.82872e-06 0.291901
6 -1 4.34641e-06 1.22606e-06 -0.5403
6 -1.22607e-06 -3.82871e-06 -1 0.147998
6 0 0 0 1
7 -3.6536e-06 -1 -1.02396e-05 -0.2581
7 -1 3.65353e-06 6.63275e-06 0.433702
7 -6.63271e-06 1.02396e-05 -1 0.148003
7 0 0 0 1
7 -0.0124034 -0.998235 0.0580811 -0.192954
7 -0.908864 0.0354731 0.415582 0.491353
7 -0.416909 -0.0476332 -0.907699 0.21197
7 0 0 0 1
7 -0.519418 -0.837173 0.171306 -0.0534407
7 -0.731722 0.539286 0.416837 0.530487
7 -0.441348 0.0911642 -0.892693 0.208281
7 0 0 0 1
7 -0.560482 -0.749555 0.352174 0.0374077
7 -0.400452 0.617517 0.676986 0.619263
7 -0.724912 0.23841 -0.646269 0.26685
7 0 0 0 1
7 -0.821553 -0.449909 0.350189 0.0938282
7 0.0730595 0.526082 0.84729 0.610668
7 -0.565431 0.721678 -0.399335 0.403464
7 0 0 0 1
7 -0.842288 -0.285581 0.457158 0.163157
7 0.445378 0.109012 0.888682 0.447341
7 -0.303626 0.952134 0.0353719 0.672271
7 0 0 0 1
7 -0.635088 -0.282297 0.719007 0.308695
7 0.748736 0.00384675 0.662858 0.44222
7 -0.189889 0.959319 0.208923 0.676093
7 0 0 0 1
7 -0.578868 0.030268 0.814859 0.370999
7 0.803988 0.18794 0.564164 0.438041
7 -0.136069 0.981714 -0.133128 0.532213
7 0 0 0 1
7 -0.370942 0.25751 0.892239 0.485395
7 0.923717 0.00335538 0.383061 0.355876
7 0.0956483 0.96627 -0.239111 0.484641
7 0 0 0 1
7 -0.0715102 0.388431 0.918699 0.578491
7 0.945667 -0.266484 0.18628 0.242299
7 0.317175 0.882104 -0.34827 0.435576
7 0 0 0 1
7 0.266891 0.371712 0.889156 0.641054
7 0.821999 -0.569422 -0.00868629 0.104041
7 0.503076 0.733204 -0.457521 0.38561
7 0 0 0 1
7 0.562092 0.187395 0.805566 0.666317
7 0.536163 -0.824175 -0.182389 -0.0494208
7 0.629748 0.534434 -0.563736 0.335332
7 0 0 0 1
7 0.722876 -0.135351 0.677591 0.650767
7 0.120508 -0.940903 -0.31651 -0.206832
7 0.680388 0.310453 -0.663846 0.285315
7 0 0 0 1
7 0.680066 -0.514917 0.521892 0.594549
7 -0.340542 -0.852253 -0.397109 -0.356341
7 0.649262 0.0923341 -0.754939 0.236097
7 0 0 0 1
7 0.41755 -0.834287 0.360024 0.501428
7 -0.727668 -0.544312 -0.417402 -0.486725
7 0.544198 -0.0876913 -0.834361 0.188172
7 0 0 0 1
7 -0.0102061 -0.976504 0.215258 0.378344
7 -0.922222 -0.0740193 -0.37951 -0.588515
7 0.386526 -0.202389 -0.899798 0.141973
7 0 0 0 1
7 -0.07583 -0.977275 0.19795 0.359602
7 -0.928912 -0.00292584 -0.37029 -0.599841
7 0.362454 -0.211957 -0.90758 0.135785
7 0 0 0 1
7 -4.3464e-06 -1 3.82872e-06 0.291901
7 -1 4.34641e-06 1.22606e-06 -0.5403
7 -1.22607e-06 -3.82871e-06 -1 0.147998
7 0 0 0 1
8 -3.6536e-06 -1 -1.02396e-05 -0.2581
8 -1 3.65353e-06 6.63275e-06 0.433702
8 -6.63271e-06 1.02396e-05 -1 0.148003
8 0 0 0 1
8 -0.223239 -0.974234 -0.0321229 -0.258844
8 -0.936064 0.205066 0.285887 0.42912
8 -0.271933 0.0938902 -0.957725 0.193699
8 0 0 0 1
8 -0.232592 -0.954211 -0.188104 -0.240439
8 -0.82881 0.0932679 0.551702 0.484881
8 -0.508896 0.284223 -0.812553 0.20107
8 0 0 0 1
8 -0.68012 -0.732945 0.0151239 -0.0730112
8 -0.555229 0.528465 0.642219 0.553803
8 -0.478704 0.428389 -0.766372 0.220013
8 0 0 0 1
8 -0.912356 -0.32238 0.252343 0.114431
8 -0.086468 0.754212 0.650913 0.566925
8 -0.400162 0.572045 -0.715986 0.239984
8 0 0 0 1
8 -0.937001 -0.222238 0.269515 0.0997874
8 0.11948 0.52111 0.845085 0.546444
8 -0.328257 0.824048 -0.461728 0.309474
8 0 0 0 1
8 -0.765451 -0.285639 0.576624 0.178907
8 0.478392 0.346716 0.806802 0.542937
8 -0.430379 0.893419 -0.128746 0.436925
8 0 0 0 1
8 -0.494043 -0.107343 0.862786 0.381675
8 0.823786 0.259537 0.504001 0.473691
8 -0.278025 0.959749 -0.039795 0.466703
8 0 0 0 1
8 -0.0971024 -0.0471799 0.994156 0.554147
8 0.990161 0.0965472 0.101294 0.330017
8 -0.100762 0.99421 0.0373407 0.493256
8 0 0 0 1
8 0.315027 -0.124348 0.940902 0.668685
8 0.944567 -0.0555132 -0.323591 0.126834
8 0.0924703 0.990685 0.0999668 0.516127
8 0 0 0 1
8 0.633541 -0.304867 0.711113 0.705285
8 0.716837 -0.114577 -0.687762 -0.110955
8 0.291153 0.945478 0.145951 0.534947
8 0 0 0 1
8 0.784262 -0.513132 0.348752 0.654926
8 0.388307 -0.0324508 -0.920959 -0.352315
8 0.483891 0.857696 0.173803 0.549449
8 0 0 0 1
8 0.790705 -0.588879 0.167354 0.60645
8 0.24103 0.048165 -0.969322 -0.449904
8 0.562752 0.806785 0.180022 0.554352
8 0 0 0 1
8 0.604899 -0.565261 0.560872 0.689106
8 0.579731 -0.170252 -0.796823 -0.203917
8 0.545902 0.807152 0.224713 0.613995
8 0 0 0 1
8 0.614878 -0.141733 0.775781 0.700568
8 0.772228 -0.091325 -0.628747 -0.0568276
8 0.159962 0.985683 0.0532966 0.563292
8 0 0 0 1
8 0.30124 0.0615633 0.951559 0.72665
8 0.943254 -0.165473 -0.287906 0.0384758
8 0.139733 0.984291 -0.107917 0.502747
8 0 0 0 1
8 0.25948 0.37825 0.888593 0.683072
8 0.965686 -0.112058 -0.234292 0.0682323
8 0.0109527 0.918896 -0.394348 0.384833
8 0 0 0 1
8 -0.0569252 0.548808 0.834008 0.612264
8 0.990175 -0.0758337 0.117486 0.229896
8 0.127723 0.832502 -0.539099 0.307331
8 0 0 0 1
8 -0.232101 0.842544 0.486055 0.497352
8 0.972381 0.213602 0.0940667 0.259883
8 -0.0245669 0.494464 -0.868851 0.201729
8 0 0 0 1
8 -0.219968 0.963108 0.155039 0.423147
8 0.975463 0.215646 0.0443746 0.311384
8 0.00930386 0.160996 -0.986911 0.17485
8 0 0 0 1
8 0.329183 0.934624 0.134598 0.509063
8 0.943279 -0.331996 -0.00163156 0.17758
8 0.0431611 0.1275 -0.990899 0.170623
8 0 0 0 1
8 0.77924 0.618218 0.102913 0.554074
8 0.623802 -0.780919 -0.0321914 0.0236045
8 0.0604657 0.0892824 -0.994169 0.166291
8 0 0 0 1
8 0.991657 0.110084 0.0670741 0.553728
8 0.113247 -0.992532 -0.0453336 -0.138188
8 0.0615827 0.0525513 -0.996718 0.161859
8 0 0 0 1
8 0.900248 -0.434033 0.0341764 0.507266
8 -0.432618 -0.900607 -0.0418236 -0.294564
8 0.0489323 0.0228663 -0.99854 0.15733
8 0 0 0 1
8 0.532153 -0.846585 0.0103634 0.417755
8 -0.846229 -0.532234 -0.0249507 -0.432504
8 0.0266387 0.00450777 -0.999635 0.152709
8 0 0 0 1
8 -4.3464e-06 -1 3.82872e-06 0.291901
8 -1 4.34641e-06 1.22606e-06 -0.5403
8 -1.22607e-06 -3.82871e-06 -1 0.147998
8 0 0 0 1
9 -3.6536e-06 -1 -1.02396e-05 -0.2581
9 -1 3.65353e-06 6.63275e-06 0.433702
9 -6.63271e-06 1.02396e-05 -1 0.148003
9 0 0 0 1
9 -0.533782 -0.845622 -0.00030309 -0.113221
9 -0.845229 0.533523 0.0306761 0.496499
9 -0.0257787 0.0166305 -0.999529 0.145895
9 0 0 0 1
9 -0.754091 -0.655914 -0.0335159 0.0600657
9 -0.61671 0.689622 0.379593 0.516104
9 -0.225867 0.306917 -0.924546 0.263647
9 0 0 0 1
9 -0.795674 -0.594309 0.117043 0.186096
9 -0.294327 0.548222 0.782831 0.530374
9 -0.529409 0.588429 -0.611127 0.390781
9 0 0 0 1
9 -0.727259 -0.647985 0.226295 0.226396
9 -0.00678037 0.336468 0.941671 0.59582
9 -0.686329 0.683304 -0.249093 0.431637
9 0 0 0 1
9 -0.787245 -0.536537 0.30393 0.271595
9 0.0432594 0.443613 0.895174 0.578271
9 -0.615121 0.717869 -0.326022 0.405059
9 0 0 0 1
9 -0.864644 -0.0956906 0.493187 0.400282
9 0.311232 0.668591 0.675368 0.495364
9 -0.394367 0.737448 -0.548311 0.326475
9 0 0 0 1
9 -0.725758 0.385024 0.570116 0.499903
9 0.648408 0.659748 0.379868 0.37828
9 -0.229875 0.64536 -0.728469 0.257144
9 0 0 0 1
9 -0.795012 0.56312 0.225504 0.408511
9 0.606547 0.742573 0.284053 0.374738
9 -0.00749694 0.362604 -0.931913 0.232583
9 0 0 0 1
9 -0.360898 0.884124 0.29678 0.514584
9 0.929102 0.313292 0.196516 0.251794
9 0.0807654 0.346661 -0.934507 0.219092
9 0 0 0 1
9 0.17894 0.924262 0.337223 0.584156
9 0.970677 -0.221769 0.0927568 0.101862
9 0.160517 0.310737 -0.936844 0.205203
9 0 0 0 1
9 0.65766 0.670334 0.343708 0.610439
9 0.718071 -0.695762 -0.0170291 -0.0641605
9 0.227724 0.258006 -0.938922 0.190927
9 0 0 0 1
9 0.927208 0.20056 0.316324 0.589909
9 0.249499 -0.960626 -0.122262 -0.23371
9 0.279348 0.192285 -0.94074 0.176277
9 0 0 0 1
9 0.904371 -0.339678 0.258324 0.522705
9 -0.289657 -0.93314 -0.212951 -0.393528
9 0.313387 0.117761 -0.942296 0.161268
9 0 0 0 1
9 0.596671 -0.782995 0.175789 0.412729
9 -0.732013 -0.620819 -0.280606 -0.530738
9 0.328846 0.0387496 -0.943588 0.145912
9 0 0 0 1
9 0.100041 -0.991996 0.0770379 0.267433
9 -0.940177 -0.119589 -0.319007 -0.633907
9 0.325666 -0.0405155 -0.944616 0.130225
9 0 0 0 1
9 -4.3464e-06 -1 3.82872e-06 0.291901
9 -1 4.34641e-06 1.22606e-06 -0.5403
9 -1.22607e-06 -3.82871e-06 -1 0.147998
9 0 0 0 1
10 -3.6536e-06 -1 -1.02396e-05 -0.2581
10 -1 3.65353e-06 6.63275e-06 0.433702
10 -6.63271e-06 1.02396e-05 -1 0.148003
10 0 0 0 1
10 -0.391817 -0.909105 0.141449 -0.196484
10 -0.895692 0.412049 0.167187 0.490194
10 -0.210274 -0.0611885 -0.975726 0.141687
10 0 0 0 1
10 -0.678373 -0.729296 -0.0890856 -0.225852
10 -0.643656 0.531443 0.550704 0.525167
10 -0.354283 0.430924 -0.829933 0.253044
10 0 0 0 1
10 -0.933924 -0.330201 0.136945 -0.0324539
10 -0.142836 0.695882 0.703808 0.595031
10 -0.327696 0.637742 -0.697065 0.303506
10 0 0 0 1
10 -0.894852 0.0698478 0.440865 0.181575
10 0.397885 0.572469 0.716915 0.589916
10 -0.202306 0.816946 -0.540066 0.359966
10 0 0 0 1
10 -0.670219 0.414118 0.615884 0.332813
10 0.736218 0.266149 0.622212 0.521428
10 0.093752 0.870443 -0.483259 0.383447
10 0 0 0 1
10 -0.398318 0.382108 0.833868 0.366035
10 0.84777 -0.19371 0.493723 0.426891
10 0.350184 0.903587 -0.246782 0.488799
10 0 0 0 1
10 -0.211709 0.0690628 0.974889 0.476543
10 0.793697 -0.569903 0.212734 0.337623
10 0.570285 0.818804 0.0658389 0.592995
10 0 0 0 1
10 -0.114738 -0.324645 0.938851 0.543231
10 0.633948 -0.751557 -0.182405 0.201857
10 0.764817 0.574254 0.29204 0.69551
10 0 0 0 1
10 -0.152456 -0.669537 0.726965 0.551959
10 0.423003 -0.70899 -0.564271 0.0434844
10 0.893211 0.221482 0.391306 0.786503
10 0 0 0 1
10 -0.323788 -0.851249 0.412959 0.502063
10 0.238663 -0.495843 -0.834973 -0.110265
10 0.915533 -0.171796 0.36371 0.860088
10 0 0 0 1
10 -0.528231 -0.835942 0.148904 0.42365
10 0.155198 -0.267466 -0.950987 -0.217527
10 0.834797 -0.479231 0.271021 0.906714
10 0 0 0 1
10 -0.5874 -0.80765 0.051602 0.391253
10 0.244641 -0.237981 -0.939955 -0.281813
10 0.771435 -0.539506 0.337375 0.894208
10 0 0 0 1
10 -0.364869 -0.923644 0.117266 0.471149
10 0.161275 -0.186744 -0.969081 -0.305078
10 0.916985 -0.334676 0.217098 0.776259
10 0 0 0 1
10 -0.0773585 -0.992599 0.0936141 0.38926
10 0.312907 -0.113323 -0.942999 -0.389433
10 0.946628 -0.0436566 0.319357 0.786729
10 0 0 0 1
10 -0.0708366 -0.985786 0.152341 0.438277
10 0.256249 -0.165583 -0.952323 -0.455177
10 0.964012 -0.0284221 0.264336 0.715938
10 0 0 0 1
10 0.0970956 -0.811143 0.576732 0.582388
10 0.311638 -0.525553 -0.791628 -0.38599
10 0.945227 0.256595 0.201754 0.651295
10 0 0 0 1
10 0.0761914 -0.707779 0.702313 0.646501
10 0.104541 -0.694808 -0.711557 -0.287015
10 0.991598 0.127635 0.0210536 0.556554
10 0 0 0 1
10 0.212957 -0.591579 0.777614 0.629681
10 -0.10434 -0.805088 -0.583906 -0.263722
10 0.971474 0.0432108 -0.233175 0.493364
10 0 0 0 1
10 0.584728 -0.474547 0.65795 0.651366
10 -0.0417964 -0.827599 -0.559762 -0.304225
10 0.810152 0.299808 -0.503755 0.398763
10 0 0 0 1
10 0.886326 -0.0328457 0.461895 0.648598
10 0.11168 -0.952874 -0.282062 -0.170748
10 0.449392 0.301584 -0.840889 0.238573
10 0 0 0 1
10 0.992648 0.11955 0.0189068 0.559861
10 0.120491 -0.990855 -0.0607382 -0.144781
10 0.0114726 0.0625697 -0.997975 0.145588
10 0 0 0 1
10 0.903382 -0.428836 0.000551762 0.509838
10 -0.428429 -0.902579 -0.042421 -0.299945
10 0.0186897 0.0380859 -0.9991 0.146338
10 0 0 0 1
10 0.534493 -0.845153 -0.00577742 0.418174
10 -0.845054 -0.534291 -0.020414 -0.435437
10 0.0141662 0.0157934 -0.999775 0.147141
10 0 0 0 1
10 -4.3464e-06 -1 3.82872e-06 0.291901
10 -1 4.34641e-06 1.22606e-06 -0.5403
10 -1.22607e-06 -3.82871e-06 -1 0.147998
10 0 0 0 1
11 -3.6536e-06 -1 -1.02396e-05 -0.2581
11 -1 3.65353e-06 6.63275e-06 0.433702
11 -6.63271e-06 1.02396e-05 -1 0.148003
11 0 0 0 1
11 -0.2364 -0.91864 -0.316567 -0.309846
11 -0.938247 0.131118 0.320157 0.454
11 -0.252601 0.372703 -0.892908 0.229663
11 0 0 0 1
11 -0.707701 -0.67688 -0.202466 -0.165074
11 -0.686741 0.591727 0.422193 0.521237
11 -0.165969 0.437828 -0.883607 0.250905
11 0 0 0 1
11 -0.972491 -0.225587 -0.0580592 -0.00624224
11 -0.225062 0.845686 0.483904 0.54567
11 -0.0600626 0.483659 -0.873193 0.272428
11 0 0 0 1
11 -0.955104 -0.0345229 0.294253 0.188348
11 0.188919 0.694108 0.69464 0.542742
11 -0.228224 0.719043 -0.656423 0.356491
11 0 0 0 1
11 -0.858937 -0.142658 0.491809 0.205237
11 0.415175 0.368203 0.831899 0.58778
11 -0.299763 0.918736 -0.257036 0.481168
11 0 0 0 1
11 -0.827856 0.135396 0.544354 0.287996
11 0.548387 0.399502 0.734622 0.538968
11 -0.118006 0.906679 -0.40498 0.444463
11 0 0 0 1
11 -0.655117 0.498563 0.567677 0.375862
11 0.748161 0.323419 0.579358 0.456911
11 0.105249 0.804261 -0.584883 0.40187
11 0 0 0 1
11 -0.320409 0.786573 0.527864 0.44006
11 0.907335 0.0947229 0.409598 0.358692
11 0.272178 0.610189 -0.744036 0.365244
11 0 0 0 1
11 0.156394 0.808068 0.567949 0.511234
11 0.893763 -0.360531 0.266844 0.245935
11 0.420392 0.465879 -0.778606 0.369722
11 0 0 0 1
11 0.578719 0.582171 0.571105 0.554789
11 0.638609 -0.759041 0.126626 0.121543
11 0.50721 0.291432 -0.811052 0.374634
11 0 0 0 1
11 0.765736 0.622847 0.160346 0.56942
11 0.622025 -0.780574 0.061557 0.0374496
11 0.163502 0.0526028 -0.98514 0.176595
11 0 0 0 1
11 0.984996 0.114946 0.128727 0.567622
11 0.114643 -0.993359 0.00979134 -0.131556
11 0.128997 0.00511312 -0.991632 0.169274
11 0 0 0 1
11 0.898354 -0.431124 0.0842215 0.517328
11 -0.431188 -0.902075 -0.0183638 -0.292972
11 0.0838912 -0.0198181 -0.996278 0.16207
11 0 0 0 1
11 0.532183 -0.845787 0.0377515 0.422764
11 -0.845785 -0.533114 -0.0208805 -0.433165
11 0.0377864 -0.0208174 -0.999069 0.154978
11 0 0 0 1
11 -4.3464e-06 -1 3.82872e-06 0.291901
11 -1 4.34641e-06 1.22606e-06 -0.5403
11 -1.22607e-06 -3.82871e-06 -1 0.147998
11 0 0 0 1
12 -3.6536e-06 -1 -1.02396e-05 -0.2581
12 -1 3.65353e-06 6.63275e-06 0.433702
12 -6.63271e-06 1.02396e-05 -1 0.148003
12 0 0 0 1
12 0.0817876 -0.870052 -0.486127 -0.325868
12 -0.968652 -0.184192 0.166691 0.402503
12 -0.234571 0.457255 -0.857843 0.341526
12 0 0 0 1
12 -0.103622 -0.863566 -0.493474 -0.292088
12 -0.945596 -0.0683048 0.318092 0.450533
12 -0.3084 0.499588 -0.809507 0.354703
12 0 0 0 1
12 -0.56022 -0.734226 -0.383491 -0.172835
12 -0.706722 0.182165 0.683637 0.55856
12 -0.432086 0.654009 -0.620946 0.401913
12 0 0 0 1
12 -0.864818 -0.488759 -0.114912 -0.0162917
12 -0.273342 0.266341 0.924309 0.624112
12 -0.421159 0.830769 -0.363935 0.465191
12 0 0 0 1
12 -0.941986 -0.240408 0.234234 0.160268
12 0.207612 0.131016 0.969398 0.631044
12 -0.26374 0.961789 -0.0735036 0.53994
12 0 0 0 1
12 -0.82123 -0.112781 0.559341 0.332705
12 0.570528 -0.177651 0.801834 0.572686
12 0.00893599 0.97761 0.210236 0.620117
12 0 0 0 1
12 -0.623487 -0.167888 0.763595 0.475712
12 0.710724 -0.528681 0.464077 0.454337
12 0.325785 0.832051 0.448948 0.699249
12 0 0 0 1
12 -0.495107 -0.363286 0.789236 0.568924
12 0.634701 -0.77156 0.0430139 0.292251
12 0.593316 0.522225 0.612582 0.771452
12 0 0 0 1
12 -0.524704 -0.568116 0.63398 0.601403
12 0.44984 -0.817301 -0.360089 0.109606
12 0.722724 0.0962493 0.684402 0.832288
12 0 0 0 1
12 -0.691606 -0.633505 0.346919 0.573189
12 0.297153 -0.687347 -0.662763 -0.069047
12 0.658317 -0.355282 0.663621 0.879313
12 0 0 0 1
12 -0.667033 -0.669296 0.327275 0.604011
12 0.203789 -0.586435 -0.783941 -0.176674
12 0.716615 -0.45622 0.527567 0.808334
12 0 0 0 1
12 -0.471804 -0.772193 0.425581 0.574424
12 0.230633 -0.57396 -0.785735 -0.242309
12 0.851005 -0.27256 0.44889 0.774355
12 0 0 0 1
12 -0.339337 -0.911498 0.232426 0.509116
12 0.183512 -0.306487 -0.934018 -0.38622
12 0.922591 -0.274294 0.271274 0.705198
12 0 0 0 1
12 -0.124547 -0.952689 0.277256 0.581367
12 0.0228126 -0.282107 -0.959112 -0.346251
12 0.991951 -0.11313 0.056869 0.535489
12 0 0 0 1
12 0.238215 -0.963156 0.124836 0.479069
12 -0.061979 -0.143351 -0.987729 -0.472197
12 0.969233 0.227555 -0.0938438 0.484571
12 0 0 0 1
12 0.408963 -0.872978 0.265817 0.489542
12 -0.217354 -0.37609 -0.900729 -0.439296
12 0.886288 0.310589 -0.343552 0.422797
12 0 0 0 1
12 0.22746 -0.906699 0.355187 0.502792
12 -0.321532 -0.414222 -0.851491 -0.530953
12 0.919173 0.0794761 -0.385752 0.399554
12 0 0 0 1
12 0.480932 -0.859276 0.174212 0.39873
12 -0.572861 -0.458389 -0.679492 -0.566791
12 0.663728 0.22699 -0.7127 0.241927
12 0 0 0 1
12 0.121173 -0.992399 -0.021476 0.307494
12 -0.777897 -0.0814982 -0.623085 -0.647695
12 0.616599 0.0922072 -0.781859 0.168764
12 0 0 0 1
12 -0.18799 -0.982171 -9.6789e-05 0.253578
12 -0.894434 0.171238 -0.413117 -0.654685
12 0.405768 -0.0775752 -0.910678 0.152138
12 0 0 0 1
12 -4.3464e-06 -1 3.82872e-06 0.291901
12 -1 4.34641e-06 1.22606e-06 -0.5403
12 -1.22607e-06 -3.82871e-06 -1 0.147998
12 0 0 0 1
13 -3.6536e-06 -1 -1.02396e-05 -0.2581
13 -1 3.65353e-06 6.63275e-06 0.433702
13 -6.63271e-06 1.02396e-05 -1 0.148003
13 0 0 0 1
13 -0.534526 -0.845148 0.0024784 -0.11265
13 -0.844646 0.534306 0.0330165 0.494286
13 -0.029228 0.0155548 -0.999452 0.148581
13 0 0 0 1
13 -0.699411 -0.714713 -0.00308222 -0.11839
13 -0.609259 0.59395 0.525383 0.562744
13 -0.373667 0.369337 -0.85086 0.302282
13 0 0 0 1
13 -0.908162 -0.388572 0.155733 0.0673522
13 -0.149722 0.648907 0.745991 0.618323
13 -0.390927 0.654164 -0.647491 0.364033
13 0 0 0 1
13 -0.893447 -0.125131 0.431387 0.273877
13 0.329641 0.469712 0.818967 0.600619
13 -0.305106 0.873907 -0.378414 0.442009
13 0 0 0 1
13 -0.699182 -0.0459109 0.713468 0.466963
13 0.701176 0.150864 0.696844 0.500662
13 -0.13963 0.987488 -0.0732901 0.532375
13 0 0 0 1
13 -0.431882 -0.184399 0.882879 0.60913
13 0.899531 -0.159411 0.406733 0.327729
13 0.0657389 0.969838 0.23472 0.629841
13 0 0 0 1
13 -0.202495 -0.472777 0.8576 0.670027
13 0.943453 -0.328905 0.0414479 0.109651
13 0.262473 0.817499 0.512644 0.72818
13 0 0 0 1
13 -0.0703939 -0.77801 0.624295 0.635774
13 0.912583 -0.302938 -0.274628 -0.112832
13 0.402786 0.550389 0.731324 0.82082
13 0 0 0 1
13 -0.0195465 -0.969658 0.243684 0.513981
13 0.893181 -0.126458 -0.431551 -0.296198
13 0.449272 0.209219 0.868552 0.901486
13 0 0 0 1
13 0.0207572 -0.984871 -0.172041 0.332568
13 0.9236 0.0847744 -0.373867 -0.405647
13 0.382796 -0.151137 0.911386 0.964789
13 0 0 0 1
13 0.0521076 -0.945148 -0.32246 0.250893
13 0.944814 0.151238 -0.290609 -0.424411
13 0.323437 -0.289522 0.900869 0.984604
13 0 0 0 1
13 -0.104798 -0.976002 -0.190888 0.254849
13 0.820887 0.0234583 -0.570609 -0.387507
13 0.561393 -0.216496 0.798728 0.980839
13 0 0 0 1
13 0.111564 -0.993654 -0.0143239 0.246881
13 0.758763 0.0944814 -0.644478 -0.476768
13 0.641741 0.0610319 0.764489 0.923506
13 0 0 0 1
13 -0.166572 -0.915297 0.366723 0.424867
13 0.759706 -0.356222 -0.544015 -0.446548
13 0.62857 0.187984 0.754693 0.858361
13 0 0 0 1
13 -0.131588 -0.844397 0.519305 0.591415
13 0.488027 -0.51116 -0.707492 -0.539805
13 0.862852 0.160338 0.479352 0.62608
13 0 0 0 1
13 0.171678 -0.705791 0.687303 0.575772
13 0.272776 -0.636329 -0.721581 -0.61831
13 0.946636 0.31136 0.0832792 0.420634
13 0 0 0 1
13 0.250297 -0.713802 0.654093 0.463985
13 -0.0942498 -0.690353 -0.717307 -0.692307
13 0.963571 0.117892 -0.240069 0.302597
13 0 0 0 1
13 0.450478 -0.658831 0.602504 0.445088
13 -0.340349 -0.750624 -0.566327 -0.59626
13 0.825368 0.050056 -0.562372 0.294934
13 0 0 0 1
13 0.446043 -0.867216 0.221321 0.293348
13 -0.771498 -0.497898 -0.396092 -0.617499
13 0.453693 0.00592578 -0.891139 0.152093
13 0 0 0 1
13 0.185852 -0.979687 0.0753188 0.287612
13 -0.919264 -0.200436 -0.338791 -0.596107
13 0.347005 -0.00627288 -0.937842 0.16376
13 0 0 0 1
13 -4.3464e-06 -1 3.82872e-06 0.291901
13 -1 4.34641e-06 1.22606e-06 -0.5403
13 -1.22607e-06 -3.82871e-06 -1 0.147998
13 0 0 0 1
14 -3.6536e-06 -1 -1.02396e-05 -0.2581
14 -1 3.65353e-06 6.63275e-06 0.433702
14 -6.63271e-06 1.02396e-05 -1 0.148003
14 0 0 0 1
14 -0.237753 -0.969665 -0.0567681 -0.107975
14 -0.947315 0.218565 0.234144 0.539393
14 -0.214634 0.109446 -0.970543 0.227052
14 0 0 0 1
14 -0.653845 -0.754626 0.0550159 0.0621828
14 -0.637965 0.588935 0.496141 0.59569
14 -0.406802 0.289301 -0.866497 0.258537
14 0 0 0 1
14 -0.538788 -0.7399 0.402811 0.144329
14 -0.461662 0.659277 0.593482 0.626662
14 -0.704681 0.133798 -0.696794 0.278944
14 0 0 0 1
14 -0.541899 -0.736538 0.404793 0.146908
14 -0.457582 0.66256 0.592987 0.62607
14 -0.704957 0.136112 -0.696067 0.279297
14 0 0 0 1
14 -0.71073 -0.386029 0.588085 0.364392
14 -0.0386813 0.856165 0.515253 0.532938
14 -0.702401 0.343458 -0.623434 0.311983
14 0 0 0 1
14 -0.648618 -0.0214151 0.760813 0.535739
14 0.399359 0.841373 0.364149 0.369947
14 -0.647926 0.540031 -0.537177 0.346498
14 0 0 0 1
14 -0.756258 -0.0436116 0.652818 0.484495
14 0.507603 0.590433 0.627477 0.503837
14 -0.412811 0.805907 -0.424382 0.374825
14 0 0 0 1
14 -0.773346 0.283039 0.567296 0.452583
14 0.54495 0.754043 0.366673 0.464577
14 -0.323983 0.592713 -0.737378 0.202239
14 0 0 0 1
14 -0.39357 0.53323 0.748844 0.592067
14 0.901489 0.383411 0.20078 0.336823
14 -0.180053 0.754096 -0.631601 0.202122
14 0 0 0 1
14 0.074269 0.513232 0.855031 0.692764
14 0.996397 -0.0734067 -0.0424859 0.169872
14 0.0409599 0.855105 -0.516834 0.204478
14 0 0 0 1
14 0.461305 0.229596 0.85702 0.74346
14 0.831343 -0.44929 -0.327119 -0.0237727
14 0.309946 0.863379 -0.398133 0.208662
14 0 0 0 1
14 0.540148 0.480806 0.690699 0.704903
14 0.790596 -0.571203 -0.220647 -0.0351467
14 0.288441 0.665246 -0.688658 0.155002
14 0 0 0 1
14 0.625415 0.658268 0.418973 0.638922
14 0.750159 -0.655013 -0.0906659 -0.012689
14 0.21475 0.371 -0.903461 0.147405
14 0 0 0 1
14 0.772152 0.619192 0.142765 0.566232
14 0.621657 -0.782631 0.0321171 0.0284235
14 0.131619 0.0639516 -0.989235 0.16027
14 0 0 0 1
14 0.987712 0.111342 0.109676 0.563348
14 0.112824 -0.993588 -0.00738352 -0.137366
14 0.108151 0.0196669 -0.99394 0.157114
14 0 0 0 1
14 0.898639 -0.433264 0.0687727 0.513461
14 -0.432563 -0.901242 -0.0255533 -0.295865
14 0.0730521 -0.00678534 -0.997305 0.154017
14 0 0 0 1
14 0.53176 -0.846386 0.0293497 0.420485
14 -0.846201 -0.532408 -0.0220485 -0.433993
14 0.0342876 -0.0131112 -0.999326 0.150979
14 0 0 0 1
14 -4.3464e-06 -1 3.82872e-06 0.291901
14 -1 4.34641e-06 1.22606e-06 -0.5403
14 -1.22607e-06 -3.82871e-06 -1 0.147998
14 0 0 0 1
15 -3.6536e-06 -1 -1.02396e-05 -0.2581
15 -1 3.65353e-06 6.63275e-06 0.433702
15 -6.63271e-06 1.02396e-05 -1 0.148003
15 0 0 0 1
15 -0.368169 -0.919259 -0.139334 -0.130856
15 -0.874368 0.291373 0.38805 0.528154
15 -0.31612 0.264698 -0.911045 0.298823
15 0 0 0 1
15 -0.796836 -0.603089 -0.0365583 0.0311732
15 -0.561119 0.71623 0.414921 0.54461
15 -0.22405 0.351138 -0.909122 0.293986
15 0 0 0 1
15 -0.959857 -0.236857 0.150242 0.229439
15 -0.0948339 0.778147 0.620881 0.522792
15 -0.263971 0.581709 -0.769372 0.35048
15 0 0 0 1
15 -0.960532 -0.00441053 0.278135 0.26912
15 0.223185 0.584585 0.780032 0.535688
15 -0.166034 0.811321 -0.560528 0.371692
15 0 0 0 1
15 -0.916388 -0.213891 0.338355 0.225373
15 0.305047 0.174164 0.936276 0.592152
15 -0.25919 0.961206 -0.0943548 0.505435
15 0 0 0 1
15 -0.803329 -0.0586713 0.592638 0.337228
15 0.595533 -0.0763009 0.799699 0.528455
15 -0.00170056 0.995357 0.0962354 0.616689
15 0 0 0 1
15 -0.546371 0.189962 0.815717 0.457473
15 0.80152 -0.163971 0.575047 0.460777
15 0.242991 0.968002 -0.0626691 0.548052
15 0 0 0 1
15 -0.167867 0.29103 0.941872 0.556349
15 0.888893 -0.36843 0.272267 0.360923
15 0.426252 0.882927 -0.196847 0.483292
15 0 0 0 1
15 0.224931 0.201438 0.953325 0.626328
15 0.80511 -0.589509 -0.0653974 0.237632
15 0.54882 0.782241 -0.294779 0.424529
15 0 0 0 1
15 0.522206 -0.0476925 0.851484 0.663585
15 0.573207 -0.719643 -0.39185 0.101145
15 0.631454 0.692704 -0.348465 0.373279
15 0 0 0 1
15 0.658437 -0.369052 0.655943 0.66805
15 0.275848 -0.69255 -0.666545 -0.038338
15 0.700263 0.619818 -0.354198 0.33033
15 0 0 0 1
15 0.660254 -0.381419 0.646981 0.667601
15 0.26452 -0.688148 -0.675634 -0.0436302
15 0.702918 0.617229 -0.35346 0.328849
15 0 0 0 1
15 0.532663 -0.37958 0.756432 0.726256
15 0.0718674 -0.870266 -0.487311 -0.0752594
15 0.843271 0.313935 -0.436279 0.300429
15 0 0 0 1
15 0.709631 -0.29085 0.64174 0.683231
15 -0.0136192 -0.916313 -0.400231 -0.192184
15 0.704442 0.275276 -0.654205 0.283258
15 0 0 0 1
15 0.826571 0.0866756 0.556118 0.67304
15 0.115875 -0.993111 -0.0174433 -0.10227
15 0.550775 0.0788584 -0.83092 0.229526
15 0 0 0 1
15 0.985753 0.117705 0.120153 0.5632
15 0.120012 -0.992698 -0.0121197 -0.172672
15 0.117849 0.0263668 -0.992681 0.189679
15 0 0 0 1
15 0.900107 -0.429127 0.0752128 0.5072
15 -0.428188 -0.903224 -0.0290249 -0.318571
15 0.0803894 -0.00607965 -0.996745 0.175652
15 0 0 0 1
