0 1.66533e-16 -1 -5.32293e-16 -1.73472e-17
0 -1 -1.11022e-16 2.04359e-15 0.45
0 -2.01102e-15 5.09072e-16 -1 0.128
0 0 0 0 1
0 0.320319 -0.924107 -0.208379 -0.116628
0 -0.863952 -0.375204 0.335871 0.51299
0 -0.388566 0.0724431 -0.918569 0.260791
0 0 0 0 1
0 0.110057 -0.978724 -0.173167 -0.0636702
0 -0.918727 -0.166652 0.358005 0.522379
0 -0.379246 0.119692 -0.917522 0.259296
0 0 0 0 1
0 -0.416317 -0.905953 -0.0769964 0.0697677
0 -0.846527 0.355318 0.396412 0.523667
0 -0.331772 0.230212 -0.914838 0.255602
0 0 0 0 1
0 -0.8238 -0.566233 0.0270871 0.200695
0 -0.507659 0.758159 0.40924 0.493517
0 -0.252261 0.323381 -0.912025 0.251915
0 0 0 0 1
0 -0.989154 -0.0636849 0.13236 0.321754
0 -0.00628521 0.918645 0.395034 0.433189
0 -0.14675 0.389918 -0.909081 0.248237
0 0 0 0 1
0 -0.863341 0.448186 0.231887 0.426043
0 0.504051 0.787754 0.354085 0.345652
0 -0.0239739 0.422579 -0.906009 0.244566
0 0 0 0 1
0 -0.486333 0.813474 0.318966 0.50751
0 0.867405 0.405478 0.288438 0.235441
0 0.105303 0.41695 -0.902809 0.240902
0 0 0 0 1
0 0.0253104 0.921492 0.387572 0.561302
0 0.973049 -0.1116 0.201795 0.108419
0 0.229205 0.372019 -0.899481 0.237246
0 0 0 0 1
0 0.514235 0.740466 0.432751 0.584057
0 0.789171 -0.606093 0.0992987 -0.0285293
0 0.335815 0.290452 -0.896028 0.233598
0 0 0 0 1
0 0.830466 0.327041 0.450967 0.574106
0 0.37238 -0.927993 -0.012767 -0.16788
0 0.414318 0.178534 -0.892449 0.229958
0 0 0 0 1
0 0.877218 -0.191263 0.440349 0.531594
0 -0.149841 -0.980472 -0.127365 -0.301876
0 0.45611 0.0457442 -0.888747 0.226326
0 0 0 0 1
0 0.640319 -0.655219 0.400849 0.458491
0 -0.618298 -0.749315 -0.237139 -0.422967
0 0.45574 -0.0959993 -0.884921 0.222701
0 0 0 0 1
0 0.1923 -0.92265 0.334272 0.358504
0 -0.890845 -0.306999 -0.334885 -0.524231
0 0.411603 -0.233386 -0.880973 0.219084
0 0 0 0 1
0 0 -1 9.37637e-16 0.3
0 -1 -5.55112e-17 -1.10405e-15 -0.5
0 1.09815e-15 -9.56047e-16 -1 0.128
0 0 0 0 1
1 1.66533e-16 -1 -5.32293e-16 -1.73472e-17
1 -1 -1.11022e-16 2.04359e-15 0.45
1 -2.01102e-15 5.09072e-16 -1 0.128
1 0 0 0 1
1 -0.523545 -0.851685 0.023074 0.108052
1 -0.851599 0.523937 0.0163975 0.442621
1 -0.0260548 -0.011065 -0.999599 0.13144
1 0 0 0 1
1 -0.891138 -0.450735 0.0520663 0.213147
1 -0.450205 0.89265 0.0221608 0.411397
1 -0.0564657 -0.00369219 -0.998398 0.135043
1 0 0 0 1
1 -0.916866 -0.180472 0.356071 0.333922
1 -0.0233427 0.914684 0.403495 0.428085
1 -0.398513 0.361639 -0.842855 0.237689
1 0 0 0 1
1 -0.923038 -0.0689219 0.378484 0.356953
1 0.0920226 0.915705 0.391172 0.416019
1 -0.37354 0.395896 -0.838889 0.239254
1 0 0 0 1
1 -0.789077 0.393659 0.471583 0.452914
1 0.569726 0.756054 0.322172 0.349096
1 -0.229716 0.522891 -0.820862 0.24608
1 0 0 0 1
1 -0.43805 0.71036 0.550909 0.535867
1 0.897945 0.374736 0.230797 0.261256
1 -0.0424962 0.595787 -0.802017 0.252766
1 0 0 0 1
1 0.0203978 0.791279 0.611115 0.601151
1 0.985709 -0.118148 0.120079 0.155217
1 0.167218 0.599933 -0.78238 0.259303
1 0 0 0 1
1 0.446896 0.617195 0.647575 0.64472
1 0.81278 -0.582543 -0.00569165 0.034745
1 0.373727 0.52888 -0.76198 0.265682
1 0 0 0 1
1 0.713569 0.244116 0.656678 0.663372
1 0.434248 -0.889667 -0.141141 -0.0954918
1 0.549771 0.385875 -0.740846 0.271897
1 0 0 0 1
1 0.741274 -0.214291 0.636075 0.65495
1 -0.0369939 -0.959269 -0.280061 -0.230122
1 0.670182 0.184071 -0.719009 0.277938
1 0 0 0 1
1 0.521956 -0.620882 0.584865 0.618497
1 -0.464388 -0.781999 -0.415717 -0.363311
1 0.715475 -0.0546183 -0.6965 0.283798
1 0 0 0 1
1 0.422705 -0.824748 0.375648 0.542912
1 -0.705213 -0.559679 -0.43524 -0.383367
1 0.569206 -0.0809337 -0.818202 0.193981
1 0 0 0 1
1 0.300981 -0.953409 0.0205315 0.373943
1 -0.908041 -0.293103 -0.299253 -0.443295
1 0.291328 0.071426 -0.953953 0.173493
1 0 0 0 1
1 0 -1 9.37637e-16 0.3
1 -1 -5.55112e-17 -1.10405e-15 -0.5
1 1.09815e-15 -9.56047e-16 -1 0.128
1 0 0 0 1
2 1.66533e-16 -1 -5.32293e-16 -1.73472e-17
2 -1 -1.11022e-16 2.04359e-15 0.45
2 -2.01102e-15 5.09072e-16 -1 0.128
2 0 0 0 1
2 -0.420347 -0.889503 0.179146 0.122155
2 -0.877692 0.448675 0.168368 0.485515
2 -0.230143 -0.0864622 -0.969308 0.190089
2 0 0 0 1
2 -0.812956 -0.514752 0.272273 0.275677
2 -0.497392 0.856955 0.135016 0.433508
2 -0.302825 -0.0256643 -0.9527 0.196849
2 0 0 0 1
2 -0.877002 -0.427438 0.219462 0.223732
2 -0.282177 0.827865 0.484784 0.549034
2 -0.3889 0.363229 -0.846653 0.258753
2 0 0 0 1
2 -0.876093 -0.0125593 0.481978 0.407451
2 0.213337 0.886377 0.410881 0.430499
2 -0.432374 0.462794 -0.773869 0.271722
2 0 0 0 1
2 -0.626365 0.353371 0.694835 0.536841
2 0.646134 0.734001 0.209173 0.256193
2 -0.436094 0.579975 -0.688078 0.28551
2 0 0 0 1
2 -0.45356 0.470183 0.757107 0.571862
2 0.784107 0.614323 0.0882243 0.168126
2 -0.423626 0.633668 -0.647306 0.291672
2 0 0 0 1
2 -0.523281 0.737889 0.426259 0.548829
2 0.771614 0.622567 -0.130471 0.115036
2 -0.361647 0.260634 -0.895143 0.216856
2 0 0 0 1
2 -0.660244 0.732822 0.164466 0.456468
2 0.742291 0.670054 -0.00569547 0.247276
2 -0.114375 0.118321 -0.986366 0.169122
2 0 0 0 1
2 -0.175923 0.974882 0.136583 0.508979
2 0.982569 0.182366 -0.0360813 0.139815
2 -0.0600831 0.127855 -0.989971 0.163207
2 0 0 0 1
2 0.364192 0.925449 0.104441 0.536878
2 0.931234 -0.360301 -0.0546482 0.0232259
2 -0.0129438 0.117162 -0.993028 0.157304
2 0 0 0 1
2 0.798115 0.598208 0.0718332 0.538704
2 0.602155 -0.796027 -0.061246 -0.0969029
2 0.0205433 0.0921361 -0.995534 0.151413
2 0 0 0 1
2 0.995008 0.0903651 0.0423551 0.514255
2 0.0926981 -0.994073 -0.0568041 -0.214785
2 0.0369709 0.0604467 -0.997487 0.145537
2 0 0 0 1
2 0.894754 -0.44615 0.0191205 0.464602
2 -0.445074 -0.89445 -0.043225 -0.324719
2 0.0363872 0.0301657 -0.998882 0.139675
2 0 0 0 1
2 0.526443 -0.850199 0.00451356 0.392043
2 -0.849923 -0.526395 -0.023206 -0.421363
2 0.0221056 0.00838043 -0.999721 0.133829
2 0 0 0 1
2 0 -1 9.37637e-16 0.3
2 -1 -5.55112e-17 -1.10405e-15 -0.5
2 1.09815e-15 -9.56047e-16 -1 0.128
2 0 0 0 1
3 1.66533e-16 -1 -5.32293e-16 -1.73472e-17
3 -1 -1.11022e-16 2.04359e-15 0.45
3 -2.01102e-15 5.09072e-16 -1 0.128
3 0 0 0 1
3 -0.528931 -0.848479 0.0177495 0.118047
3 -0.84745 0.529177 0.0424403 0.445528
3 -0.0454023 0.0074062 -0.998941 0.134203
3 0 0 0 1
3 -0.896279 -0.440137 0.0544454 0.23425
3 -0.435954 0.896919 0.0740316 0.412287
3 -0.0814171 0.0426173 -0.995769 0.140872
3 0 0 0 1
3 -0.934216 -0.109119 0.339607 0.353185
3 0.0468036 0.906334 0.419963 0.382615
3 -0.353623 0.408231 -0.841604 0.2781
3 0 0 0 1
3 -0.900948 0.182713 0.393585 0.408612
3 0.335481 0.868578 0.364725 0.33383
3 -0.275219 0.460638 -0.84384 0.274835
3 0 0 0 1
3 -0.634036 0.616562 0.466744 0.489201
3 0.763646 0.594302 0.252289 0.231237
3 -0.121835 0.516387 -0.847644 0.268994
3 0 0 0 1
3 -0.178614 0.84189 0.509233 0.544551
3 0.983142 0.132137 0.126382 0.111415
3 0.0391113 0.523222 -0.851299 0.263001
3 0 0 0 1
3 0.326145 0.790153 0.518929 0.571017
3 0.925477 -0.378772 -0.00491724 -0.0194298
3 0.192671 0.481861 -0.854803 0.256861
3 0 0 0 1
3 0.725683 0.477062 0.495778 0.566483
3 0.60641 -0.783897 -0.133314 -0.154333
3 0.32504 0.397389 -0.858156 0.250573
3 0 0 0 1
3 0.897127 -0.00198062 0.441769 0.53051
3 0.121385 -0.960396 -0.25081 -0.285946
3 0.42477 0.278633 -0.861356 0.244141
3 0 0 0 1
3 0.786812 -0.500758 0.360789 0.464404
3 -0.383344 -0.854639 -0.350199 -0.406943
3 0.483709 0.137235 -0.864403 0.237567
3 0 0 0 1
3 0.426794 -0.86666 0.258357 0.371174
3 -0.755136 -0.498717 -0.425501 -0.510434
3 0.497611 -0.0134932 -0.867295 0.230852
3 0 0 0 1
3 -0.0747275 -0.987147 0.141265 0.255402
3 -0.881425 -0.000867047 -0.472323 -0.590356
3 0.466375 -0.15981 -0.870032 0.223999
3 0 0 0 1
3 0 -1 9.37637e-16 0.3
3 -1 -5.55112e-17 -1.10405e-15 -0.5
3 1.09815e-15 -9.56047e-16 -1 0.128
3 0 0 0 1
4 1.66533e-16 -1 -5.32293e-16 -1.73472e-17
4 -1 -1.11022e-16 2.04359e-15 0.45
4 -2.01102e-15 5.09072e-16 -1 0.128
4 0 0 0 1
4 -0.31423 -0.938901 0.140444 0.0844005
4 -0.913914 0.339213 0.222924 0.43316
4 -0.256944 -0.0583043 -0.964666 0.140026
4 0 0 0 1
4 -0.746727 -0.634203 0.200461 0.206699
4 -0.568694 0.765075 0.302071 0.415907
4 -0.344942 0.111564 -0.93197 0.182343
4 0 0 0 1
4 -0.936539 -0.165656 0.308953 0.324335
4 -0.049128 0.93463 0.352212 0.361901
4 -0.347103 0.314682 -0.883456 0.228691
4 0 0 0 1
4 -0.840641 0.30075 0.450413 0.424955
4 0.477209 0.804597 0.353406 0.272993
4 -0.256114 0.512029 -0.819898 0.278538
4 0 0 0 1
4 -0.574192 0.577853 0.57999 0.488547
4 0.811045 0.498239 0.306534 0.174459
4 -0.111843 0.646408 -0.75475 0.323256
4 0 0 0 1
4 -0.64616 0.744004 0.170104 0.425587
4 0.757718 0.65205 0.026331 0.226045
4 -0.0913258 0.145905 -0.985074 0.137398
4 0 0 0 1
4 -0.159827 0.976078 0.147404 0.479275
4 0.986548 0.163134 -0.0105416 0.128137
4 -0.034336 0.143736 -0.98902 0.136402
4 0 0 0 1
4 0.376706 0.918794 0.117939 0.510743
4 0.926266 -0.375144 -0.0360307 0.0193606
4 0.0111395 0.122816 -0.992367 0.135285
4 0 0 0 1
4 0.804245 0.588097 0.0856272 0.517785
4 0.592959 -0.803727 -0.0492242 -0.0952057
4 0.0398723 0.0903617 -0.995111 0.134051
4 0 0 0 1
4 0.995205 0.0812875 0.0543941 0.499368
4 0.0840397 -0.995188 -0.05038 -0.210037
4 0.0500371 0.0547097 -0.997248 0.132702
4 0 0 0 1
4 0.891843 -0.451486 0.0278522 0.455717
4 -0.450268 -0.891958 -0.0408702 -0.319434
4 0.0432953 0.0239089 -0.998776 0.131242
4 0 0 0 1
4 0.52387 -0.851751 0.00900459 0.388343
4 -0.85145 -0.523929 -0.0230414 -0.417813
4 0.0243433 0.00440374 -0.999694 0.129673
4 0 0 0 1
4 0 -1 9.37637e-16 0.3
4 -1 -5.55112e-17 -1.10405e-15 -0.5
4 1.09815e-15 -9.56047e-16 -1 0.128
4 0 0 0 1
5 1.66533e-16 -1 -5.32293e-16 -1.73472e-17
5 -1 -1.11022e-16 2.04359e-15 0.45
5 -2.01102e-15 5.09072e-16 -1 0.128
5 0 0 0 1
5 -0.525136 -0.850743 0.021663 0.115392
5 -0.850257 0.525572 0.0289194 0.45103
5 -0.0359885 -0.00323253 -0.999347 0.130631
5 0 0 0 1
5 -0.447305 -0.861131 0.241601 0.072988
5 -0.786612 0.507334 0.351928 0.475526
5 -0.425629 -0.0326272 -0.904309 0.267685
5 0 0 0 1
5 -0.764746 -0.556841 0.324179 0.183611
5 -0.468193 0.825894 0.314156 0.462733
5 -0.442672 0.0884708 -0.892308 0.265033
5 0 0 0 1
5 -0.907983 -0.0604324 0.414625 0.312559
5 0.0462152 0.969063 0.242449 0.415642
5 -0.41645 0.239302 -0.8771 0.261591
5 0 0 0 1
5 -0.759761 0.429655 0.488016 0.429463
5 0.555419 0.819084 0.143566 0.33468
5 -0.338043 0.380129 -0.860947 0.257851
5 0 0 0 1
5 -0.370689 0.758426 0.536078 0.525247
5 0.904262 0.42641 0.0220109 0.223092
5 -0.211896 0.492915 -0.843881 0.253818
5 0 0 0 1
5 0.133863 0.823121 0.551863 0.591761
5 0.989806 -0.0837318 -0.115205 0.0865908
5 -0.0486192 0.56166 -0.825939 0.249499
5 0 0 0 1
5 0.593934 0.604829 0.530495 0.622455
5 0.792948 -0.551506 -0.258988 -0.0669211
5 0.135927 0.574477 -0.807156 0.244898
5 0 0 0 1
5 0.865595 0.173365 0.469777 0.612971
5 0.383294 -0.833092 -0.398802 -0.227814
5 0.322229 0.525263 -0.78757 0.240023
5 0 0 0 1
5 0.865938 -0.335869 0.370598 0.561596
5 -0.103974 -0.845672 -0.523477 -0.385352
5 0.489224 0.414766 -0.767222 0.23488
5 0 0 0 1
5 0.598242 -0.765439 0.237088 0.469538
5 -0.511652 -0.59259 -0.622132 -0.528434
5 0.6167 0.250879 -0.746151 0.229476
5 0 0 0 1
5 0.149555 -0.98579 0.0764947 0.340986
5 -0.710425 -0.160943 -0.685123 -0.646398
5 0.687698 0.0481196 -0.7244 0.223817
5 0 0 0 1
5 -0.00392027 -0.999029 0.0438827 0.321413
5 -0.919993 -0.0135954 -0.3917 -0.607619
5 0.391916 -0.0419073 -0.919046 0.168595
5 0 0 0 1
5 0 -1 9.37637e-16 0.3
5 -1 -5.55112e-17 -1.10405e-15 -0.5
5 1.09815e-15 -9.56047e-16 -1 0.128
5 0 0 0 1
6 1.66533e-16 -1 -5.32293e-16 -1.73472e-17
6 -1 -1.11022e-16 2.04359e-15 0.45
6 -2.01102e-15 5.09072e-16 -1 0.128
6 0 0 0 1
6 -0.269417 -0.961165 -0.059802 0.150918
6 -0.926593 0.241806 0.28802 0.466549
6 -0.262374 0.133009 -0.955755 0.2251
6 0 0 0 1
6 -0.725552 -0.687485 0.030642 0.262338
6 -0.651239 0.700327 0.292286 0.428528
6 -0.222401 0.192113 -0.95584 0.227175
6 0 0 0 1
6 -0.728782 -0.68054 -0.0757734 0.178265
6 -0.529834 0.490345 0.691981 0.480426
6 -0.433766 0.544451 -0.717928 0.34311
6 0 0 0 1
6 -0.953589 -0.267011 0.13919 0.309493
6 -0.100012 0.716869 0.689997 0.430779
6 -0.284018 0.644053 -0.710303 0.352766
6 0 0 0 1
6 -0.916886 0.199951 0.345456 0.426678
6 0.383589 0.6807 0.624105 0.347426
6 -0.110361 0.704746 -0.700823 0.362441
6 0 0 0 1
6 -0.631792 0.570611 0.524635 0.521067
6 0.771232 0.394889 0.499263 0.234533
6 0.0777125 0.720046 -0.689562 0.372115
6 0 0 0 1
6 -0.190328 0.726335 0.660464 0.585183
6 0.944262 -0.0486241 0.325585 0.0985458
6 0.268598 0.685619 -0.676596 0.381763
6 0 0 0 1
6 0.266149 0.617444 0.740222 0.61341
6 0.85296 -0.508572 0.117532 -0.0522062
6 0.449025 0.600099 -0.662011 0.391361
6 0 0 0 1
6 0.592391 0.278858 0.755851 0.602471
6 0.53219 -0.839802 -0.107269 -0.208055
6 0.604852 0.465802 -0.645897 0.400883
6 0 0 0 1
6 0.685872 -0.181577 0.704706 0.551724
6 0.0897172 -0.939886 -0.329493 -0.358654
6 0.722171 0.289214 -0.62835 0.410305
6 0 0 0 1
6 0.51942 -0.618294 0.589843 0.463294
6 -0.328995 -0.781751 -0.529744 -0.493708
6 0.788648 0.0811045 -0.609473 0.419599
6 0 0 0 1
6 0.149285 -0.895238 0.419836 0.34198
6 -0.588013 -0.421736 -0.690203 -0.603711
6 0.794956 -0.143832 -0.58937 0.428739
6 0 0 0 1
6 -0.303933 -0.929683 0.208119 0.194989
6 -0.604759 0.019477 -0.796171 -0.680642
6 0.736133 -0.367844 -0.568154 0.437698
6 0 0 0 1
6 -0.329269 -0.923855 0.195126 0.186011
6 -0.597931 0.0440696 -0.800335 -0.6839
6 0.730795 -0.380197 -0.566912 0.438203
6 0 0 0 1
6 -0.0857483 -0.994918 0.0527707 0.253902
6 -0.916208 0.0579345 -0.396492 -0.614746
6 0.39142 -0.0823475 -0.91652 0.248519
6 0 0 0 1
6 0 -1 9.37637e-16 0.3
6 -1 -5.55112e-17 -1.10405e-15 -0.5
6 1.09815e-15 -9.56047e-16 -1 0.128
6 0 0 0 1
7 1.66533e-16 -1 -5.32293e-16 -1.73472e-17
7 -1 -1.11022e-16 2.04359e-15 0.45
7 -2.01102e-15 5.09072e-16 -1 0.128
7 0 0 0 1
7 -0.527426 -0.849601 0.00071613 0.111927
7 -0.848847 0.526993 0.0416709 0.447527
7 -0.035781 0.0213704 -0.999131 0.13178
7 0 0 0 1
7 -0.895659 -0.444272 0.0203967 0.223125
7 -0.441438 0.893651 0.0807454 0.419137
7 -0.0541005 0.0633165 -0.996526 0.135928
7 0 0 0 1
7 -0.965027 -0.215184 0.14973 0.19899
7 -0.172095 0.950867 0.257363 0.444049
7 -0.197754 0.222594 -0.954644 0.164091
7 0 0 0 1
7 -0.84692 0.0322867 0.530739 0.347055
7 0.250241 0.904907 0.344271 0.381352
7 -0.469155 0.424383 -0.774463 0.257264
7 0 0 0 1
7 -0.674531 0.149132 0.723026 0.413736
7 0.483591 0.829263 0.280112 0.319512
7 -0.557806 0.538593 -0.631483 0.315058
7 0 0 0 1
7 -0.848207 0.296488 0.438907 0.440395
7 0.425834 0.874496 0.23221 0.304155
7 -0.314975 0.383864 -0.868009 0.210408
7 0 0 0 1
7 -0.532614 0.679273 0.504887 0.521815
7 0.829982 0.535978 0.154458 0.193807
7 -0.16569 0.501314 -0.849253 0.225682
7 0 0 0 1
7 -0.0660895 0.827602 0.557411 0.57517
7 0.997554 0.0420488 0.0558441 0.0635992
7 0.0227782 0.559738 -0.828356 0.241529
7 0 0 0 1
7 0.402515 0.700245 0.589608 0.595509
7 0.886737 -0.458209 -0.0611703 -0.0790665
7 0.227329 0.54745 -0.805369 0.257912
7 0 0 0 1
7 0.727539 0.341243 0.595181 0.579901
7 0.541021 -0.818832 -0.191863 -0.225542
7 0.421881 0.461593 -0.780352 0.274795
7 0 0 0 1
7 0.810878 -0.136279 0.569127 0.52775
7 0.0730157 -0.941349 -0.32944 -0.366504
7 0.580642 0.308691 -0.753369 0.292137
7 0 0 0 1
7 0.63015 -0.586893 0.508398 0.440944
7 -0.372319 -0.802955 -0.465447 -0.492596
7 0.681388 0.104015 -0.724493 0.309898
7 0 0 0 1
7 0.242626 -0.878096 0.412407 0.323815
7 -0.662899 -0.460445 -0.590385 -0.595107
7 0.708306 -0.130141 -0.693805 0.328036
7 0 0 0 1
7 0.261938 -0.905006 0.335189 0.390177
7 -0.89265 -0.359211 -0.272291 -0.508164
7 0.366829 -0.227883 -0.901945 0.187592
7 0 0 0 1
7 0 -1 9.37637e-16 0.3
7 -1 -5.55112e-17 -1.10405e-15 -0.5
7 1.09815e-15 -9.56047e-16 -1 0.128
7 0 0 0 1
8 1.66533e-16 -1 -5.32293e-16 -1.73472e-17
8 -1 -1.11022e-16 2.04359e-15 0.45
8 -2.01102e-15 5.09072e-16 -1 0.128
8 0 0 0 1
8 -0.524142 -0.851579 0.00940818 0.106952
8 -0.850997 0.524146 0.0327996 0.447162
8 -0.0328627 0.00918533 -0.999418 0.13075
8 0 0 0 1
8 -0.892138 -0.450592 0.0324981 0.21298
8 -0.448278 0.891881 0.0599617 0.420732
8 -0.0560027 0.038926 -0.997672 0.13374
8 0 0 0 1
8 -0.94945 -0.313759 -0.0100354 0.113951
8 -0.312803 0.942895 0.114468 0.454131
8 -0.026453 0.111821 -0.993376 0.15214
8 0 0 0 1
8 -0.97455 0.212552 0.0712254 0.250253
8 0.223699 0.942666 0.247669 0.417124
8 -0.0144992 0.257299 -0.966223 0.166797
8 0 0 0 1
8 -0.914096 0.270351 0.302222 0.347331
8 0.405496 0.607545 0.68298 0.41274
8 0.00103072 0.746859 -0.664981 0.317779
8 0 0 0 1
8 -0.909471 0.283162 0.304438 0.349805
8 0.415715 0.607614 0.676747 0.410786
8 0.00664765 0.742041 -0.670322 0.31534
8 0 0 0 1
8 -0.606984 0.723016 0.329877 0.430987
8 0.780798 0.465215 0.417048 0.319965
8 0.148069 0.510709 -0.846907 0.226044
8 0 0 0 1
8 -0.127153 0.963216 0.236741 0.480123
8 0.983528 0.0915229 0.155873 0.207019
8 0.128473 0.252661 -0.958987 0.147048
8 0 0 0 1
8 0.399279 0.858283 0.322377 0.540643
8 0.888511 -0.448953 0.0948103 0.069212
8 0.226106 0.248579 -0.941852 0.146542
8 0 0 0 1
8 0.784054 0.484748 0.387658 0.562198
8 0.526459 -0.850199 -0.00164972 -0.083122
8 0.328787 0.205379 -0.921802 0.146577
8 0 0 0 1
8 0.906854 -0.0380075 0.419728 0.541372
8 0.0165834 -0.991936 -0.125652 -0.238946
8 0.421119 0.120909 -0.89891 0.147155
8 0 0 0 1
8 0.731524 -0.545617 0.408871 0.477887
8 -0.476924 -0.838034 -0.265033 -0.386441
8 0.487254 -0.00112237 -0.873259 0.148277
8 0 0 0 1
8 0.316368 -0.881762 0.349866 0.374773
8 -0.797931 -0.44681 -0.404557 -0.513899
8 0.513047 -0.15118 -0.844942 0.149942
8 0 0 0 1
8 0.335177 -0.909876 0.244502 0.432243
8 -0.882153 -0.394211 -0.257691 -0.445808
8 0.330852 -0.129316 -0.93478 0.16957
8 0 0 0 1
8 0 -1 9.37637e-16 0.3
8 -1 -5.55112e-17 -1.10405e-15 -0.5
8 1.09815e-15 -9.56047e-16 -1 0.128
8 0 0 0 1
9 1.66533e-16 -1 -5.32293e-16 -1.73472e-17
9 -1 -1.11022e-16 2.04359e-15 0.45
9 -2.01102e-15 5.09072e-16 -1 0.128
9 0 0 0 1
9 -0.411788 -0.878297 0.242952 0.154072
9 -0.909979 0.410556 -0.0581555 0.419129
9 -0.0486676 -0.245029 -0.968293 0.114541
9 0 0 0 1
9 -0.312122 -0.773968 0.550956 0.241941
9 -0.916991 0.397065 0.0383007 0.424977
9 -0.248409 -0.493267 -0.833655 0.135209
9 0 0 0 1
9 -0.321608 -0.587271 0.742752 0.331326
9 -0.868755 0.495007 0.0152199 0.331184
9 -0.376606 -0.640375 -0.669393 0.26384
9 0 0 0 1
9 -0.439844 -0.523801 0.7295 0.358659
9 -0.717481 0.693505 0.0653582 0.330393
9 -0.540146 -0.494655 -0.680851 0.279623
9 0 0 0 1
9 -0.603219 -0.307747 0.735811 0.423349
9 -0.24844 0.949163 0.193308 0.319576
9 -0.757895 -0.0661979 -0.64901 0.327086
9 0 0 0 1
9 -0.613762 -0.0935781 0.783925 0.487713
9 0.257657 0.91484 0.310934 0.291592
9 -0.746263 0.392824 -0.537384 0.390988
9 0 0 0 1
9 -0.848569 0.122869 0.51462 0.442522
9 0.218839 0.967069 0.129954 0.233429
9 -0.481706 0.222893 -0.847513 0.234383
9 0 0 0 1
9 -0.656333 0.48414 0.57865 0.484484
9 0.674576 0.720056 0.162685 0.130245
9 -0.337898 0.497119 -0.799185 0.280009
9 0 0 0 1
9 -0.556173 0.643613 0.52577 0.532147
9 0.748228 0.663132 -0.0202665 0.182942
9 -0.361698 0.382124 -0.850386 0.190896
9 0 0 0 1
9 -0.653104 0.752354 0.0861292 0.443665
9 0.739422 0.658121 -0.141889 0.196961
9 -0.163434 -0.0289826 -0.986128 0.118173
9 0 0 0 1
9 -0.164891 0.985254 0.0456626 0.489051
9 0.976225 0.169634 -0.134938 0.100106
9 -0.140694 0.022327 -0.989801 0.119354
9 0 0 0 1
9 0.37448 0.927148 0.0127052 0.51361
9 0.921288 -0.370495 -0.11816 -0.00548527
9 -0.104844 0.0559536 -0.992913 0.120611
9 0 0 0 1
9 0.804277 0.594159 -0.0106352 0.515648
9 0.590721 -0.801316 -0.0945607 -0.115313
9 -0.0647063 0.0697706 -0.995462 0.121942
9 0 0 0 1
9 0.996144 0.0846096 -0.0232122 0.49445
9 0.0828765 -0.994269 -0.0675393 -0.224546
9 -0.0287937 0.0653551 -0.997447 0.123347
9 0 0 0 1
9 0.892538 -0.450285 -0.0248981 0.450346
9 -0.450956 -0.891622 -0.0406097 -0.328238
9 -0.00391379 0.0474736 -0.998865 0.124825
9 0 0 0 1
9 0.523987 -0.851565 -0.016566 0.384723
9 -0.851706 -0.523741 -0.0171221 -0.421555
9 0.00590431 0.0230812 -0.999716 0.126376
9 0 0 0 1
9 0 -1 9.37637e-16 0.3
9 -1 -5.55112e-17 -1.10405e-15 -0.5
9 1.09815e-15 -9.56047e-16 -1 0.128
9 0 0 0 1
10 1.66533e-16 -1 -5.32293e-16 -1.73472e-17
10 -1 -1.11022e-16 2.04359e-15 0.45
10 -2.01102e-15 5.09072e-16 -1 0.128
10 0 0 0 1
10 -0.24817 -0.923425 0.292742 0.0841197
10 -0.92478 0.315815 0.212234 0.482343
10 -0.288434 -0.218052 -0.932341 0.155126
10 0 0 0 1
10 -0.696555 -0.637087 0.330046 0.206777
10 -0.623744 0.765013 0.160306 0.453361
10 -0.354618 -0.0942026 -0.930254 0.154781
10 0 0 0 1
10 -0.699193 -0.46205 0.545562 0.303215
10 -0.187407 0.854864 0.483825 0.505204
10 -0.689933 0.236045 -0.684307 0.315359
10 0 0 0 1
10 -0.836647 -0.0341656 0.546676 0.416135
10 0.144111 0.94916 0.27987 0.380336
10 -0.528445 0.312934 -0.789188 0.26485
10 0 0 0 1
10 -0.772739 0.426901 0.469713 0.480877
10 0.527897 0.843141 0.102165 0.231904
10 -0.35242 0.326907 -0.876887 0.218614
10 0 0 0 1
10 -0.577504 0.728164 0.369142 0.495228
10 0.784694 0.619864 0.00487972 0.114949
10 -0.225265 0.292482 -0.92936 0.187044
10 0 0 0 1
10 -0.639513 0.733651 0.22974 0.45101
10 0.743629 0.666137 -0.0572462 0.242555
10 -0.195037 0.134232 -0.971567 0.144319
10 0 0 0 1
10 -0.161069 0.970125 0.181422 0.503425
10 0.979352 0.179862 -0.0922992 0.136886
10 -0.122173 0.16281 -0.979064 0.141716
10 0 0 0 1
10 0.372616 0.918784 0.130357 0.531735
10 0.926449 -0.36023 -0.109209 0.021874
10 -0.0533805 0.161462 -0.985434 0.139201
10 0 0 0 1
10 0.801439 0.592412 0.0821164 0.534377
10 0.598075 -0.794017 -0.108823 -0.0970247
10 0.000733595 0.136327 -0.990664 0.136774
10 0 0 0 1
10 0.995362 0.086703 0.0416766 0.511014
10 0.0902847 -0.991513 -0.0935486 -0.214124
10 0.0332119 0.0968775 -0.994742 0.134439
10 0 0 0 1
10 0.894058 -0.447761 0.0130098 0.462558
10 -0.446009 -0.892509 -0.0671043 -0.323779
10 0.0416581 0.0541926 -0.997661 0.132198
10 0 0 0 1
10 0.52587 -0.850564 -0.00124493 0.391137
10 -0.85009 -0.525527 -0.0341779 -0.420658
10 0.0284163 0.0190315 -0.999415 0.130051
10 0 0 0 1
10 0 -1 9.37637e-16 0.3
10 -1 -5.55112e-17 -1.10405e-15 -0.5
10 1.09815e-15 -9.56047e-16 -1 0.128
10 0 0 0 1
11 1.66533e-16 -1 -5.32293e-16 -1.73472e-17
11 -1 -1.11022e-16 2.04359e-15 0.45
11 -2.01102e-15 5.09072e-16 -1 0.128
11 0 0 0 1
11 -0.524305 -0.851456 0.0112969 0.108484
11 -0.850498 0.524276 0.0422766 0.449278
11 -0.0419193 0.0125579 -0.999042 0.132448
11 0 0 0 1
11 -0.891942 -0.450337 0.040457 0.216933
11 -0.446547 0.891397 0.0775076 0.424131
11 -0.0709678 0.0510663 -0.996171 0.137309
11 0 0 0 1
11 -0.955261 -0.265366 0.130602 0.175494
11 -0.195381 0.897696 0.394928 0.490081
11 -0.222041 0.351743 -0.909382 0.221058
11 0 0 0 1
11 -0.957606 0.118317 0.262662 0.291267
11 0.220294 0.888286 0.403011 0.448378
11 -0.185636 0.443789 -0.876693 0.234026
11 0 0 0 1
11 -0.705934 0.550351 0.445837 0.430045
11 0.703033 0.620929 0.346688 0.352136
11 -0.0860332 0.558177 -0.825249 0.252988
11 0 0 0 1
11 -0.254367 0.753337 0.606449 0.536855
11 0.964762 0.154013 0.21334 0.216041
11 0.0673157 0.639346 -0.765967 0.273619
11 0 0 0 1
11 0.235779 0.659073 0.714165 0.600108
11 0.936267 -0.350976 0.0147965 0.0509076
11 0.260407 0.665161 -0.699821 0.295795
11 0 0 0 1
11 0.594453 0.303074 0.74483 0.611941
11 0.651931 -0.723893 -0.225754 -0.129032
11 0.470757 0.619778 -0.627904 0.319371
11 0 0 0 1
11 0.70384 -0.189781 0.684538 0.569228
11 0.235395 -0.846893 -0.476825 -0.307437
11 0.670223 0.496745 -0.551404 0.344184
11 0 0 0 1
11 0.539579 -0.652346 0.532259 0.474136
11 -0.147504 -0.695653 -0.703072 -0.467469
11 0.828913 0.300852 -0.471583 0.370052
11 0 0 0 1
11 0.176693 -0.937245 0.300584 0.334113
11 -0.350753 -0.345299 -0.870483 -0.593542
11 0.919647 0.0483777 -0.389754 0.396782
11 0 0 0 1
11 0.191003 -0.91057 0.366578 0.368904
11 -0.667403 -0.394319 -0.631733 -0.587223
11 0.719786 -0.123992 -0.683033 0.276317
11 0 0 0 1
11 0.23215 -0.925412 0.29953 0.426599
11 -0.879799 -0.331101 -0.341066 -0.485185
11 0.414802 -0.184347 -0.891042 0.19745
11 0 0 0 1
11 0 -1 9.37637e-16 0.3
11 -1 -5.55112e-17 -1.10405e-15 -0.5
11 1.09815e-15 -9.56047e-16 -1 0.128
11 0 0 0 1
12 1.66533e-16 -1 -5.32293e-16 -1.73472e-17
12 -1 -1.11022e-16 2.04359e-15 0.45
12 -2.01102e-15 5.09072e-16 -1 0.128
12 0 0 0 1
12 -0.337113 -0.935613 0.104804 0.196412
12 -0.934616 0.345983 0.0823916 0.452514
12 -0.113347 -0.0701758 -0.991074 0.118003
12 0 0 0 1
12 -0.766744 -0.6266 0.139559 0.290037
12 -0.619216 0.779245 0.0966921 0.414227
12 -0.169338 -0.0122791 -0.985482 0.117719
12 0 0 0 1
12 -0.79699 -0.518458 0.309852 0.2498
12 -0.429574 0.847191 0.312624 0.455643
12 -0.424586 0.116054 -0.897919 0.14606
12 0 0 0 1
12 -0.81568 -0.344109 0.465033 0.294388
12 0.00062183 0.803333 0.59553 0.457687
12 -0.578503 0.486051 -0.655049 0.226367
12 0 0 0 1
12 -0.828764 -0.334381 0.44871 0.304391
12 -0.01847 0.81775 0.575277 0.451574
12 -0.559294 0.468481 -0.683897 0.227966
12 0 0 0 1
12 -0.906637 -0.267009 0.326675 0.35632
12 -0.0935985 0.882265 0.461354 0.409273
12 -0.4114 0.387704 -0.824885 0.241231
12 0 0 0 1
12 -0.898941 -0.0386203 0.436364 0.451589
12 0.25742 0.759414 0.597515 0.307079
12 -0.354457 0.64946 -0.672727 0.363165
12 0 0 0 1
12 -0.887696 0.358615 0.288775 0.451263
12 0.446802 0.822396 0.352183 0.323254
12 -0.111189 0.441657 -0.890267 0.238995
12 0 0 0 1
12 -0.626772 0.774497 0.0855063 0.487967
12 0.776785 0.629692 -0.00967181 0.175219
12 -0.0613334 0.060358 -0.996291 0.121438
12 0 0 0 1
12 -0.133419 0.988572 0.0701791 0.52253
12 0.990542 0.135303 -0.0227964 0.0735431
12 -0.0320313 0.0664739 -0.997274 0.122348
12 0 0 0 1
12 0.399651 0.915104 0.0535164 0.536386
12 0.916645 -0.398551 -0.0303268 -0.0333314
12 -0.00642324 0.0611757 -0.998106 0.123267
12 0 0 0 1
12 0.817208 0.575148 0.0371011 0.528838
12 0.576225 -0.816651 -0.0323491 -0.141212
12 0.0116932 0.0478145 -0.998788 0.124196
12 0 0 0 1
12 0.997473 0.0674196 0.0224104 0.500034
12 0.0680639 -0.997249 -0.0293477 -0.245836
12 0.0203702 0.0307989 -0.999318 0.125133
12 0 0 0 1
12 0.887667 -0.46036 0.0107219 0.450967
12 -0.460063 -0.88761 -0.0221639 -0.343038
12 0.0197202 0.0147414 -0.999697 0.12608
12 0 0 0 1
12 0.519494 -0.854469 0.00303329 0.383439
12 -0.854393 -0.519491 -0.0119322 -0.428919
12 0.0117714 0.00360708 -0.999924 0.127035
12 0 0 0 1
12 0 -1 9.37637e-16 0.3
12 -1 -5.55112e-17 -1.10405e-15 -0.5
12 1.09815e-15 -9.56047e-16 -1 0.128
12 0 0 0 1
13 1.66533e-16 -1 -5.32293e-16 -1.73472e-17
13 -1 -1.11022e-16 2.04359e-15 0.45
13 -2.01102e-15 5.09072e-16 -1 0.128
13 0 0 0 1
13 -0.528282 -0.849066 0.00222771 0.112755
13 -0.848563 0.528055 0.033151 0.443531
13 -0.0293237 0.0156227 -0.999448 0.12777
13 0 0 0 1
13 -0.896704 -0.442198 0.0195466 0.222964
13 -0.440277 0.895615 0.0634732 0.411081
13 -0.045574 0.0483108 -0.997792 0.127726
13 0 0 0 1
13 -0.934169 -0.344113 0.0944189 0.173168
13 -0.267904 0.851145 0.451419 0.512739
13 -0.235703 0.396406 -0.887303 0.251071
13 0 0 0 1
13 -0.956137 0.175323 0.234658 0.314862
13 0.262064 0.869887 0.417875 0.449756
13 -0.130863 0.461041 -0.877677 0.239411
13 0 0 0 1
13 -0.894687 0.413392 0.169241 0.284506
13 0.429433 0.691689 0.580649 0.394148
13 0.122974 0.592177 -0.796369 0.317203
13 0 0 0 1
13 -0.889536 0.422531 0.173764 0.288973
13 0.440533 0.692489 0.571305 0.393697
13 0.121064 0.584745 -0.802133 0.31418
13 0 0 0 1
13 -0.701056 0.672973 0.235855 0.413323
13 0.712306 0.645188 0.27632 0.354944
13 0.0337854 0.361717 -0.931676 0.221012
13 0 0 0 1
13 -0.227441 0.939664 0.255542 0.494981
13 0.965964 0.184498 0.181313 0.238455
13 0.123226 0.288083 -0.949644 0.206676
13 0 0 0 1
13 0.317293 0.916205 0.244732 0.545091
13 0.932568 -0.348303 0.0948796 0.105973
13 0.17217 0.198125 -0.964937 0.192682
13 0 0 0 1
13 0.766888 0.606692 0.209304 0.560822
13 0.615892 -0.787409 0.0257734 -0.0340891
13 0.180445 0.109143 -0.977511 0.179036
13 0 0 0 1
13 0.981988 0.104441 0.157454 0.541556
13 0.108873 -0.993859 -0.0197668 -0.172927
13 0.154423 0.0365533 -0.987328 0.165743
13 0 0 0 1
13 0.894487 -0.436045 0.098777 0.488896
13 -0.434416 -0.899886 -0.0385823 -0.301916
13 0.105712 -0.00839889 -0.994361 0.152805
13 0 0 0 1
13 0.52986 -0.846983 0.0432167 0.406538
13 -0.846663 -0.531234 -0.0308495 -0.413162
13 0.0490872 -0.0202441 -0.998589 0.140224
13 0 0 0 1
13 0 -1 9.37637e-16 0.3
13 -1 -5.55112e-17 -1.10405e-15 -0.5
13 1.09815e-15 -9.56047e-16 -1 0.128
13 0 0 0 1
14 1.66533e-16 -1 -5.32293e-16 -1.73472e-17
14 -1 -1.11022e-16 2.04359e-15 0.45
14 -2.01102e-15 5.09072e-16 -1 0.128
14 0 0 0 1
14 -0.525735 -0.850648 -0.000391926 0.107135
14 -0.850271 0.525489 0.0300171 0.444202
14 -0.025328 0.0161143 -0.999549 0.130749
14 0 0 0 1
14 -0.527193 -0.844567 0.0936761 0.187962
14 -0.763736 0.519272 0.383488 0.498776
14 -0.372525 0.130628 -0.918783 0.283214
14 0 0 0 1
14 -0.456173 -0.817649 0.351221 0.214596
14 -0.407844 0.542883 0.734126 0.515331
14 -0.79093 0.191645 -0.581122 0.473798
14 0 0 0 1
14 -0.715239 -0.570475 0.403721 0.296756
14 -0.194409 0.717274 0.669122 0.494259
14 -0.671296 0.400095 -0.623928 0.417062
14 0 0 0 1
14 -0.874325 -0.186478 0.448086 0.38552
14 0.133953 0.794664 0.592086 0.446809
14 -0.466489 0.577698 -0.669816 0.350465
14 0 0 0 1
14 -0.848015 0.232563 0.476219 0.461368
14 0.48383 0.706441 0.516576 0.376785
14 -0.216284 0.668473 -0.711593 0.283584
14 0 0 0 1
14 -0.634691 0.597503 0.490059 0.517965
14 0.771471 0.453218 0.446572 0.288733
14 0.0447248 0.661501 -0.748609 0.217821
14 0 0 0 1
14 -0.54871 0.821738 0.153831 0.43342
14 0.827008 0.506599 0.243751 0.253621
14 0.122369 0.260968 -0.95756 0.188173
14 0 0 0 1
14 -0.0666811 0.986067 0.152398 0.461855
14 0.975162 0.0320722 0.21916 0.170566
14 0.211218 0.163226 -0.963714 0.165234
14 0 0 0 1
14 0.458145 0.861887 0.217378 0.509285
14 0.852634 -0.495242 0.166587 0.0570135
14 0.251234 0.109023 -0.961767 0.165617
14 0 0 0 1
14 0.837318 0.4781 0.265177 0.528923
14 0.470349 -0.877202 0.0963812 -0.0671442
14 0.278693 0.0440239 -0.959371 0.165971
14 0 0 0 1
14 0.955395 -0.0485729 0.291311 0.518435
14 -0.0549956 -0.99839 0.0138949 -0.195028
14 0.290167 -0.0292959 -0.956528 0.166294
14 0 0 0 1
14 0.776456 -0.557966 0.292899 0.477206
14 -0.56327 -0.822913 -0.074441 -0.319261
14 0.282566 -0.107181 -0.953241 0.166588
14 0 0 0 1
14 0.355045 -0.895338 0.268911 0.406439
14 -0.899774 -0.405336 -0.161584 -0.432397
14 0.253671 -0.184589 -0.949514 0.166853
14 0 0 0 1
14 0 -1 9.37637e-16 0.3
14 -1 -5.55112e-17 -1.10405e-15 -0.5
14 1.09815e-15 -9.56047e-16 -1 0.128
14 0 0 0 1
15 1.66533e-16 -1 -5.32293e-16 -1.73472e-17
15 -1 -1.11022e-16 2.04359e-15 0.45
15 -2.01102e-15 5.09072e-16 -1 0.128
15 0 0 0 1
15 -0.522101 -0.852864 -0.00581411 0.100888
15 -0.852579 0.52172 0.0302813 0.446023
15 -0.0227925 0.0207669 -0.999525 0.129229
15 0 0 0 1
15 -0.890414 -0.45515 0.00121315 0.200518
15 -0.454219 0.888756 0.0616266 0.421167
15 -0.0291276 0.0543221 -0.998099 0.130635
15 0 0 0 1
15 -0.996937 0.0753416 0.0209709 0.294539
15 0.0769342 0.992969 0.0899703 0.375775
15 -0.014045 0.0913081 -0.995724 0.132219
15 0 0 0 1
15 -0.956168 0.140941 0.256669 0.285686
15 0.258144 0.819486 0.511668 0.460484
15 -0.138222 0.555498 -0.819949 0.256047
15 0 0 0 1
15 -0.819869 0.477921 0.315288 0.362021
15 0.572551 0.68429 0.451588 0.407939
15 7.47036e-05 0.550762 -0.834663 0.246184
15 0 0 0 1
15 -0.436352 0.817082 0.376795 0.45345
15 0.882159 0.306031 0.357966 0.314215
15 0.177176 0.488592 -0.854334 0.232327
15 0 0 0 1
15 0.0682457 0.908065 0.413231 0.521398
15 0.946776 -0.189549 0.260167 0.20207
15 0.314576 0.373482 -0.87267 0.218561
15 0 0 0 1
15 0.545947 0.721416 0.426029 0.562234
15 0.737362 -0.655161 0.164505 0.0773526
15 0.397794 0.224327 -0.889628 0.204898
15 0 0 0 1
15 0.853627 0.310612 0.41814 0.573778
15 0.307692 -0.948416 0.076375 -0.0534014
15 0.420294 0.0634626 -0.905166 0.191348
15 0 0 0 1
15 0.896762 -0.202082 0.393676 0.555422
15 -0.219795 -0.975546 -9.21163e-05 -0.183325
15 0.384068 -0.0864456 -0.919249 0.177922
15 0 0 0 1
15 0.65945 -0.661314 0.357476 0.508165
15 -0.6897 -0.721413 -0.0622645 -0.305602
15 0.299064 -0.205491 -0.931844 0.164628
15 0 0 0 1
15 0.211008 -0.925464 0.314631 0.434553
15 -0.960478 -0.256083 -0.109103 -0.413834
15 0.181542 -0.279174 -0.942923 0.151476
15 0 0 0 1
15 0 -1 9.37637e-16 0.3
15 -1 -5.55112e-17 -1.10405e-15 -0.5
15 1.09815e-15 -9.56047e-16 -1 0.128
15 0 0 0 1
16 1.66533e-16 -1 -5.32293e-16 -1.73472e-17
16 -1 -1.11022e-16 2.04359e-15 0.45
16 -2.01102e-15 5.09072e-16 -1 0.128
16 0 0 0 1
16 -0.222994 -0.954025 -0.200275 -0.0707773
16 -0.92183 0.13956 0.361598 0.499063
16 -0.317023 0.265253 -0.91057 0.23691
16 0 0 0 1
16 -0.695373 -0.714842 -0.0738779 0.0815242
16 -0.67546 0.615019 0.406824 0.482971
16 -0.245378 0.332796 -0.910514 0.254563
16 0 0 0 1
16 -0.963846 -0.259509 0.0604596 0.219959
16 -0.213049 0.886824 0.410066 0.42507
16 -0.160033 0.38236 -0.91005 0.271704
16 0 0 0 1
16 -0.944323 0.269076 0.189347 0.333404
16 0.322514 0.870885 0.37087 0.331846
16 -0.0651066 0.411288 -0.909177 0.288313
16 0 0 0 1
16 -0.642471 0.705199 0.299875 0.413276
16 0.765521 0.572872 0.29291 0.212632
16 0.0347698 0.417746 -0.907898 0.304372
16 0 0 0 1
16 -0.196464 0.905774 0.375468 0.45236
16 0.97233 0.130609 0.193692 0.0901055
16 0.126401 0.403132 -0.90637 0.318595
16 0 0 0 1
16 -0.226714 0.962752 0.147342 0.476579
16 0.963132 0.199115 0.180916 0.220056
16 0.144839 0.182926 -0.972399 0.187249
16 0 0 0 1
16 0.323542 0.93326 0.156035 0.526226
16 0.932131 -0.342708 0.116972 0.0947293
16 0.16264 0.107599 -0.980801 0.177208
16 0 0 0 1
16 0.774491 0.615958 0.14408 0.543794
16 0.614348 -0.786689 0.0608055 -0.0391628
16 0.1508 0.041422 -0.987696 0.167231
16 0 0 0 1
16 0.987402 0.107521 0.116091 0.52811
16 0.10612 -0.994187 0.0182021 -0.173488
16 0.117373 -0.00565325 -0.993072 0.15732
16 0 0 0 1
16 0.896572 -0.435952 0.0781392 0.48004
16 -0.436791 -0.899536 -0.00690884 -0.300062
16 0.073301 -0.0279363 -0.996919 0.147477
16 0 0 0 1
16 0.529847 -0.847281 0.0371126 0.402444
16 -0.847544 -0.530571 -0.0127864 -0.411162
16 0.0305246 -0.0246797 -0.999229 0.137703
16 0 0 0 1
16 0 -1 9.37637e-16 0.3
16 -1 -5.55112e-17 -1.10405e-15 -0.5
16 1.09815e-15 -9.56047e-16 -1 0.128
16 0 0 0 1
17 1.66533e-16 -1 -5.32293e-16 -1.73472e-17
17 -1 -1.11022e-16 2.04359e-15 0.45
17 -2.01102e-15 5.09072e-16 -1 0.128
17 0 0 0 1
17 -0.346267 -0.928498 0.134133 0.164822
17 -0.890156 0.370321 0.265491 0.434253
17 -0.29618 -0.0274687 -0.954737 0.173787
17 0 0 0 1
17 -0.300154 -0.841153 0.449856 0.243198
17 -0.608055 0.532085 0.589199 0.491664
17 -0.734967 -0.0966867 -0.671174 0.299794
17 0 0 0 1
17 -0.589217 -0.641186 0.491634 0.329673
17 -0.393682 0.75919 0.51831 0.452548
17 -0.705577 0.11185 -0.699751 0.290188
17 0 0 0 1
17 -0.81031 -0.254115 0.528037 0.430436
17 -0.00308155 0.90292 0.429797 0.381498
17 -0.585993 0.346641 -0.732429 0.277896
17 0 0 0 1
17 -0.814065 0.190212 0.548742 0.515761
17 0.428888 0.833981 0.347175 0.288849
17 -0.391604 0.517972 -0.760494 0.265618
17 0 0 0 1
17 -0.597365 0.575924 0.558091 0.580871
17 0.787658 0.552218 0.273223 0.178102
17 -0.150832 0.602799 -0.783507 0.253436
17 0 0 0 1
17 -0.621463 0.761304 0.184932 0.46456
17 0.780284 0.622644 0.05892 0.184475
17 -0.0702908 0.180916 -0.980983 0.159128
17 0 0 0 1
17 -0.133137 0.977126 0.165828 0.504622
17 0.991082 0.132187 0.0168005 0.0856055
17 -0.00550399 0.166586 -0.986012 0.155013
17 0 0 0 1
17 0.396885 0.907385 0.138328 0.52396
17 0.916919 -0.398798 -0.0148015 -0.0203019
17 0.0417344 0.13271 -0.990276 0.150782
17 0 0 0 1
17 0.813816 0.571377 0.105981 0.521363
17 0.577273 -0.815825 -0.0344474 -0.12889
17 0.0667796 0.0892139 -0.993771 0.146439
17 0 0 0 1
17 0.995152 0.066426 0.0725206 0.496543
17 0.0695697 -0.996704 -0.0417177 -0.2356
17 0.0695105 0.0465607 -0.996494 0.141986
17 0 0 0 1
17 0.886841 -0.460198 0.041597 0.45016
17 -0.458902 -0.887707 -0.0372172 -0.335871
17 0.0540532 0.0139168 -0.998441 0.137427
17 0 0 0 1
17 0.51954 -0.854286 0.0165155 0.383816
17 -0.853993 -0.519797 -0.0225115 -0.425331
17 0.027816 -0.00240851 -0.99961 0.132764
17 0 0 0 1
17 0 -1 9.37637e-16 0.3
17 -1 -5.55112e-17 -1.10405e-15 -0.5
17 1.09815e-15 -9.56047e-16 -1 0.128
17 0 0 0 1
18 1.66533e-16 -1 -5.32293e-16 -1.73472e-17
18 -1 -1.11022e-16 2.04359e-15 0.45
18 -2.01102e-15 5.09072e-16 -1 0.128
18 0 0 0 1
18 -0.290126 -0.947654 0.133336 0.0636392
18 -0.87772 0.319021 0.357538 0.483646
18 -0.38136 -0.0133009 -0.924331 0.162156
18 0 0 0 1
18 -0.721813 -0.649684 0.238529 0.192328
18 -0.561876 0.751331 0.346116 0.471773
18 -0.404081 0.115807 -0.907363 0.155012
18 0 0 0 1
18 -0.854056 -0.477863 0.205512 0.260719
18 -0.292622 0.767993 0.569701 0.462057
18 -0.43007 0.426419 -0.795742 0.147938
18 0 0 0 1
18 -0.832687 -0.338313 0.438379 0.374592
18 0.190518 0.5683 0.800461 0.461413
18 -0.519937 0.750053 -0.408762 0.277728
18 0 0 0 1
18 -0.83974 -0.305581 0.448839 0.381075
18 0.206653 0.584544 0.784604 0.456439
18 -0.502126 0.751617 -0.427715 0.271841
18 0 0 0 1
18 -0.828856 0.160839 0.535844 0.457539
18 0.478093 0.701061 0.529094 0.376391
18 -0.290561 0.694726 -0.657974 0.197328
18 0 0 0 1
18 -0.622303 0.591554 0.512642 0.511339
18 0.762872 0.605072 0.227848 0.278008
18 -0.175401 0.532871 -0.827818 0.13324
18 0 0 0 1
18 -0.168073 0.815556 0.553733 0.584262
18 0.983129 0.179804 0.0335859 0.157831
18 -0.072172 0.550036 -0.832017 0.126719
18 0 0 0 1
18 -0.16581 0.962595 0.214284 0.498163
18 0.986098 0.164232 0.025273 0.149259
18 -0.0108646 0.215496 -0.976444 0.146556
18 0 0 0 1
18 0.36881 0.912063 0.179221 0.529773
18 0.928239 -0.371458 -0.0198107 0.0329387
18 0.0485045 0.173667 -0.983609 0.143391
18 0 0 0 1
18 0.797973 0.587052 0.136411 0.53484
18 0.597213 -0.80065 -0.0479159 -0.0880252
18 0.0810886 0.119702 -0.989493 0.140253
18 0 0 0 1
18 0.992308 0.0831536 0.0917061 0.512875
18 0.0887064 -0.994354 -0.0582284 -0.207614
18 0.0863464 0.0659155 -0.994082 0.137144
18 0 0 0 1
18 0.891833 -0.449499 0.0508387 0.464749
18 -0.447127 -0.892975 -0.0517061 -0.319824
18 0.0686395 0.0233818 -0.997367 0.134065
18 0 0 0 1
18 0.524809 -0.85101 0.0189216 0.392652
18 -0.850446 -0.52515 -0.0309598 -0.418977
18 0.0362838 0.000156216 -0.999342 0.131017
18 0 0 0 1
18 0 -1 9.37637e-16 0.3
18 -1 -5.55112e-17 -1.10405e-15 -0.5
18 1.09815e-15 -9.56047e-16 -1 0.128
18 0 0 0 1
19 1.66533e-16 -1 -5.32293e-16 -1.73472e-17
19 -1 -1.11022e-16 2.04359e-15 0.45
19 -2.01102e-15 5.09072e-16 -1 0.128
19 0 0 0 1
19 -0.426245 -0.890155 0.161056 0.170679
19 -0.864677 0.453233 0.216597 0.441134
19 -0.265801 -0.0469381 -0.962885 0.16991
19 0 0 0 1
19 -0.810392 -0.548764 0.205237 0.253283
19 -0.508289 0.832731 0.219548 0.413163
19 -0.291388 0.0736003 -0.953769 0.179664
19 0 0 0 1
19 -0.791581 -0.515607 0.327948 0.320221
19 -0.275745 0.780336 0.561284 0.518574
19 -0.545312 0.353872 -0.759875 0.259845
19 0 0 0 1
19 -0.785809 -0.159397 0.597576 0.418289
19 0.272875 0.777731 0.566281 0.478725
19 -0.555017 0.608052 -0.567652 0.335644
19 0 0 0 1
19 -0.561925 0.0912564 0.822139 0.501422
19 0.741581 0.495899 0.45182 0.410469
19 -0.366467 0.863572 -0.346332 0.418857
19 0 0 0 1
19 -0.238287 0.123529 0.963307 0.561118
19 0.971195 0.0305809 0.236317 0.31765
19 -0.000266771 0.99187 -0.127258 0.504399
19 0 0 0 1
19 0.0131048 -0.0721653 0.997307 0.59113
19 0.896545 -0.440795 -0.0436768 0.207619
19 0.44276 0.894702 0.0589229 0.587037
19 0 0 0 1
19 0.0499432 -0.386417 0.920971 0.588639
19 0.579756 -0.739643 -0.341776 0.0900157
19 0.813258 0.551008 0.187088 0.66213
19 0 0 0 1
19 -0.164242 -0.63734 0.752876 0.554688
19 0.180695 -0.769765 -0.612218 -0.0248489
19 0.969729 0.0354893 0.241592 0.726252
19 0 0 0 1
19 -0.533738 -0.659574 0.529231 0.493829
19 -0.121274 -0.559658 -0.819802 -0.127639
19 0.836909 -0.501742 0.218722 0.777589
19 0 0 0 1
19 -0.691509 -0.580741 0.429599 0.461879
19 -0.188084 -0.429448 -0.883288 -0.16541
19 0.697452 -0.691603 0.187739 0.795264
19 0 0 0 1
19 -0.42318 -0.733399 0.532019 0.666232
19 -0.0811253 -0.554158 -0.828449 -0.109838
19 0.902406 -0.393743 0.175012 0.585614
19 0 0 0 1
19 0.0652845 -0.613606 0.786909 0.704571
19 0.103943 -0.78012 -0.616935 0.0482648
19 0.992438 0.12207 0.0128504 0.433827
19 0 0 0 1
19 0.0255782 -0.258398 0.9657 0.68868
19 0.14666 -0.954594 -0.259311 0.0976278
19 0.988856 0.148262 0.0134798 0.474829
19 0 0 0 1
19 0.249296 -0.0448063 0.96739 0.68711
19 0.417731 -0.896243 -0.14916 0.0344747
19 0.8737 0.441294 -0.204713 0.425062
19 0 0 0 1
