0 -3.6536e-06 -1 -1.02396e-05 -0.2581
0 -1 3.65353e-06 6.63275e-06 0.433702
0 -6.63271e-06 1.02396e-05 -1 0.148003
0 0 0 0 1
0 -0.379617 -0.921274 -0.0845297 -0.218056
0 -0.905684 0.351436 0.237125 0.483199
0 -0.188751 0.166574 -0.967795 0.13411
0 0 0 0 1
0 -0.547654 -0.833232 -0.0761545 -0.213454
0 -0.653558 0.369171 0.660738 0.523399
0 -0.522434 0.411627 -0.746743 0.327026
0 0 0 0 1
0 -0.702789 -0.709501 0.05192 -0.0987791
0 -0.477263 0.524352 0.705178 0.556682
0 -0.527549 0.470812 -0.707127 0.342103
0 0 0 0 1
0 -0.853762 -0.393984 0.340392 0.136769
0 -0.046166 0.708474 0.704225 0.552236
0 -0.518612 0.585526 -0.623057 0.37301
0 0 0 0 1
0 -0.776279 -0.061065 0.627424 0.354198
0 0.403176 0.717027 0.568614 0.455425
0 -0.484602 0.694366 -0.531993 0.405466
0 0 0 0 1
0 -0.492633 0.200346 0.846862 0.517634
0 0.758587 0.575738 0.305076 0.280138
0 -0.42645 0.792708 -0.435608 0.439239
0 0 0 0 1
0 -0.406405 0.548667 0.730616 0.573338
0 0.871114 0.473929 0.128653 0.196378
0 -0.275673 0.688735 -0.670559 0.370131
0 0 0 0 1
0 -0.57958 0.705967 0.40706 0.571123
0 0.8145 0.517779 0.261714 0.256682
0 -0.0260056 0.483235 -0.875104 0.182451
0 0 0 0 1
0 -0.358962 0.850104 0.385317 0.542797
0 0.923582 0.263947 0.278079 0.291106
0 0.134692 0.455691 -0.879888 0.239925
0 0 0 0 1
0 -0.231127 0.965808 0.117453 0.439908
0 0.971326 0.222144 0.0847246 0.316596
0 0.0557363 0.133667 -0.989458 0.139539
0 0 0 0 1
0 0.321359 0.940078 0.11394 0.523596
0 0.943974 -0.327562 0.0401954 0.177578
0 0.0751094 0.0946395 -0.992674 0.140852
0 0 0 0 1
0 0.775407 0.624028 0.0966105 0.565101
0 0.626562 -0.779354 0.00515736 0.0201699
0 0.0785122 0.0565335 -0.995309 0.142205
0 0 0 0 1
0 0.990916 0.114423 0.0706596 0.560809
0 0.115871 -0.993123 -0.0167328 -0.143075
0 0.068259 0.0247682 -0.99736 0.143596
0 0 0 0 1
0 0.90098 -0.431815 0.0420703 0.510777
0 -0.431162 -0.901955 -0.0239996 -0.299048
0 0.048309 0.00348409 -0.998826 0.145026
0 0 0 0 1
0 0.532896 -0.846014 0.0168027 0.418755
0 -0.845848 -0.533138 -0.0174506 -0.435149
0 0.0237216 -0.00491325 -0.999707 0.146494
0 0 0 0 1
0 -4.3464e-06 -1 3.82872e-06 0.291901
0 -1 4.34641e-06 1.22606e-06 -0.5403
0 -1.22607e-06 -3.82871e-06 -1 0.147998
0 0 0 0 1
1 -3.6536e-06 -1 -1.02396e-05 -0.2581
1 -1 3.65353e-06 6.63275e-06 0.433702
1 -6.63271e-06 1.02396e-05 -1 0.148003
1 0 0 0 1
1 -0.156423 -0.979446 -0.127346 -0.244597
1 -0.89054 0.0840977 0.447064 0.479216
1 -0.427165 0.183338 -0.885391 0.21794
1 0 0 0 1
1 -0.635487 -0.771724 0.0244479 -0.0757106
1 -0.666832 0.564524 0.486465 0.534518
1 -0.389218 0.292839 -0.873358 0.216229
1 0 0 0 1
1 -0.816277 -0.567466 0.108049 -0.0875831
1 -0.305723 0.583087 0.75269 0.558817
1 -0.490128 0.58137 -0.649448 0.291838
1 0 0 0 1
1 -0.9069 -0.16628 0.387149 0.130137
1 0.155255 0.72231 0.673917 0.549743
1 -0.3917 0.671282 -0.629246 0.294625
1 0 0 0 1
1 -0.80857 0.267214 0.524224 0.28312
1 0.558691 0.628179 0.54153 0.505017
1 -0.184603 0.730745 -0.657217 0.292703
1 0 0 0 1
1 -0.68601 0.236488 0.688088 0.297125
1 0.710644 0.0148494 0.703395 0.506253
1 0.156126 0.971521 -0.178245 0.50128
1 0 0 0 1
1 -0.438572 0.262302 0.859565 0.485069
1 0.871408 -0.109787 0.478116 0.413258
1 0.21978 0.95872 -0.180422 0.438403
1 0 0 0 1
1 -0.335149 0.257746 0.906224 0.54822
1 0.91017 -0.159963 0.382104 0.358674
1 0.243448 0.952879 -0.180981 0.413831
1 0 0 0 1
1 -0.266845 0.540656 0.7978 0.52031
1 0.957619 0.241895 0.156373 0.263107
1 -0.108439 0.805716 -0.582291 0.3012
1 0 0 0 1
1 -0.163408 0.811603 0.56089 0.544782
1 0.98602 0.115577 0.120026 0.218175
1 0.0325874 0.572662 -0.819144 0.209967
1 0 0 0 1
1 -0.21869 0.947241 0.234326 0.463617
1 0.973841 0.19668 0.113801 0.293445
1 0.0617095 0.253083 -0.965474 0.184721
1 0 0 0 1
1 0.325963 0.920695 0.214634 0.537376
1 0.939182 -0.341328 0.0378324 0.153576
1 0.108093 0.189249 -0.975961 0.178376
1 0 0 0 1
1 0.77393 0.608902 0.173986 0.570471
1 0.620736 -0.783812 -0.0180568 -0.00135956
1 0.125377 0.121974 -0.984583 0.172119
1 0 0 0 1
1 0.986905 0.105446 0.122063 0.560261
1 0.112099 -0.992489 -0.0489731 -0.159742
1 0.115983 0.0620151 -0.991313 0.165952
1 0 0 0 1
1 0.897477 -0.435568 0.0693958 0.507372
1 -0.432613 -0.89997 -0.0538506 -0.309655
1 0.0859097 0.0183082 -0.996135 0.159876
1 0 0 0 1
1 0.531247 -0.846818 0.0259833 0.415655
1 -0.846081 -0.531873 -0.0354677 -0.439789
1 0.0438546 -0.00314183 -0.999033 0.153892
1 0 0 0 1
1 -4.3464e-06 -1 3.82872e-06 0.291901
1 -1 4.34641e-06 1.22606e-06 -0.5403
1 -1.22607e-06 -3.82871e-06 -1 0.147998
1 0 0 0 1
2 -3.6536e-06 -1 -1.02396e-05 -0.2581
2 -1 3.65353e-06 6.63275e-06 0.433702
2 -6.63271e-06 1.02396e-05 -1 0.148003
2 0 0 0 1
2 -0.103514 -0.964996 -0.240974 -0.22286
2 -0.962853 0.0364728 0.267551 0.454353
2 -0.249396 0.259718 -0.932924 0.178627
2 0 0 0 1
2 -0.608766 -0.78364 -0.123746 -0.078342
2 -0.773232 0.551163 0.313577 0.49675
2 -0.177527 0.286579 -0.941465 0.177722
2 0 0 0 1
2 -0.794397 -0.580497 -0.178763 -0.121774
2 -0.521013 0.499955 0.691802 0.536253
2 -0.312216 0.642703 -0.69961 0.332613
2 0 0 0 1
2 -0.984244 -0.170988 0.0450252 0.0606269
2 -0.0928107 0.716341 0.69155 0.560405
2 -0.1505 0.676475 -0.720924 0.307887
2 0 0 0 1
2 -0.923448 0.290371 0.250854 0.246746
2 0.383606 0.682425 0.622208 0.525465
2 0.00948212 0.670806 -0.741573 0.282046
2 0 0 0 1
2 -0.869339 0.437031 0.230767 0.256353
2 0.385019 0.306142 0.870653 0.511789
2 0.309855 0.845743 -0.434406 0.387179
2 0 0 0 1
2 -0.59789 0.589902 0.542719 0.418102
2 0.649947 -0.0394998 0.758952 0.464082
2 0.469145 0.806508 -0.359789 0.415151
2 0 0 0 1
2 -0.365809 0.337927 0.867173 0.561217
2 0.818755 -0.326177 0.472492 0.375464
2 0.44252 0.882844 -0.157361 0.424554
2 0 0 0 1
2 -0.0561019 0.00110376 0.998424 0.669384
2 0.874884 -0.481776 0.0496927 0.243381
2 0.481072 0.876294 0.0260629 0.433804
2 0 0 0 1
2 0.250508 -0.34571 0.904284 0.731576
2 0.777336 -0.484935 -0.400733 0.0847392
2 0.577056 0.80332 0.147253 0.436322
2 0 0 0 1
2 0.337384 -0.452944 0.825236 0.74171
2 0.709598 -0.453678 -0.539116 0.0284374
2 0.618581 0.767475 0.168344 0.43474
2 0 0 0 1
2 0.192432 -0.0427366 0.980379 0.742942
2 0.847246 -0.496836 -0.187958 0.151629
2 0.495121 0.866791 -0.0593987 0.311642
2 0 0 0 1
2 0.0665196 0.174998 0.982319 0.74878
2 0.754679 -0.652847 0.0651987 0.164244
2 0.652714 0.736998 -0.175494 0.289096
2 0 0 0 1
2 -0.0349564 0.529796 0.847404 0.671214
2 0.829344 -0.45775 0.320396 0.220329
2 0.557644 0.713989 -0.423382 0.295281
2 0 0 0 1
2 0.295621 0.756764 0.583023 0.6326
2 0.874503 -0.460025 0.153697 0.11813
2 0.384517 0.464419 -0.797785 0.200884
2 0 0 0 1
2 0.322659 0.937282 0.131889 0.526146
2 0.936349 -0.336447 0.100271 0.142816
2 0.138355 0.0911406 -0.98618 0.16252
2 0 0 0 1
2 0.774963 0.61984 0.123409 0.559555
2 0.619099 -0.783785 0.0489597 -0.0072509
2 0.127074 0.0384608 -0.991147 0.159697
2 0 0 0 1
2 0.988916 0.110516 0.0991534 0.551231
2 0.110019 -0.993874 0.0104869 -0.161817
2 0.099705 0.000538014 -0.995017 0.156831
2 0 0 0 1
2 0.898393 -0.434263 0.0656099 0.501232
2 -0.43452 -0.900594 -0.0110515 -0.309391
2 0.0638872 -0.0185802 -0.997784 0.153925
2 0 0 0 1
2 0.531082 -0.846784 0.0301299 0.412748
2 -0.846858 -0.531631 -0.0141494 -0.438853
2 0.0279995 -0.0180013 -0.999446 0.15098
2 0 0 0 1
2 -4.3464e-06 -1 3.82872e-06 0.291901
2 -1 4.34641e-06 1.22606e-06 -0.5403
2 -1.22607e-06 -3.82871e-06 -1 0.147998
2 0 0 0 1
3 -3.6536e-06 -1 -1.02396e-05 -0.2581
3 -1 3.65353e-06 6.63275e-06 0.433702
3 -6.63271e-06 1.02396e-05 -1 0.148003
3 0 0 0 1
3 -0.471763 -0.864075 -0.175538 -0.162101
3 -0.868526 0.42108 0.261446 0.522523
3 -0.151994 0.2758 -0.949122 0.239439
3 0 0 0 1
3 -0.867232 -0.495423 -0.0496489 0.00278921
3 -0.477838 0.800109 0.362624 0.551791
3 -0.139927 0.338203 -0.930612 0.258496
3 0 0 0 1
3 -0.969441 -0.170719 0.17618 0.163106
3 -0.0274302 0.789077 0.613681 0.537426
3 -0.243786 0.590095 -0.769647 0.315356
3 0 0 0 1
3 -0.939217 -0.013588 0.343054 0.13235
3 0.263404 0.612361 0.745407 0.533433
3 -0.220201 0.790461 -0.571561 0.411874
3 0 0 0 1
3 -0.709296 0.200978 0.675653 0.334107
3 0.694826 0.360885 0.622076 0.489879
3 -0.118809 0.910697 -0.395619 0.452053
3 0 0 0 1
3 -0.323412 0.218983 0.920571 0.514469
3 0.945425 0.0339535 0.324066 0.367621
3 0.0397084 0.975138 -0.218013 0.494199
3 0 0 0 1
3 0.0929918 0.0318324 0.995158 0.641785
3 0.966788 -0.241861 -0.0826043 0.179625
3 0.238061 0.969789 -0.0532663 0.536181
3 0 0 0 1
3 0.314359 -0.166884 0.93452 0.684082
3 0.872019 -0.338298 -0.353747 0.0364554
3 0.375181 0.926123 0.0391791 0.561979
3 0 0 0 1
3 0.158918 0.132694 0.978334 0.658645
3 0.908969 -0.406466 -0.0925204 0.0826781
3 0.385383 0.903979 -0.185209 0.528846
3 0 0 0 1
3 0.380603 0.449039 0.808397 0.621185
3 0.890573 -0.413415 -0.189652 0.00769826
3 0.249042 0.792118 -0.557249 0.418009
3 0 0 0 1
3 0.287636 0.730741 0.619099 0.580302
3 0.906017 -0.417167 0.071456 0.148963
3 0.310483 0.54036 -0.782055 0.352785
3 0 0 0 1
3 0.303684 0.945266 0.119366 0.538026
3 0.943633 -0.315713 0.0994117 0.169139
3 0.131656 0.0824477 -0.987861 0.191614
3 0 0 0 1
3 0.765222 0.633622 0.113831 0.574466
3 0.632508 -0.772917 0.0503231 0.0104894
3 0.119868 0.0334909 -0.992225 0.18275
3 0 0 0 1
3 0.988035 0.123364 0.0925631 0.565649
3 0.122699 -0.992361 0.0128662 -0.152021
3 0.0934432 -0.00135486 -0.995624 0.173955
3 0 0 0 1
3 0.902344 -0.426571 0.0617446 0.512285
3 -0.426883 -0.904265 -0.00869909 -0.305706
3 0.0595442 -0.0185082 -0.998054 0.165231
3 0 0 0 1
3 0.534759 -0.844523 0.0285085 0.418581
3 -0.844606 -0.535239 -0.0126616 -0.43858
3 0.0259518 -0.0173076 -0.999513 0.156579
3 0 0 0 1
3 -4.3464e-06 -1 3.82872e-06 0.291901
3 -1 4.34641e-06 1.22606e-06 -0.5403
3 -1.22607e-06 -3.82871e-06 -1 0.147998
3 0 0 0 1
4 -3.6536e-06 -1 -1.02396e-05 -0.2581
4 -1 3.65353e-06 6.63275e-06 0.433702
4 -6.63271e-06 1.02396e-05 -1 0.148003
4 0 0 0 1
4 0.0604493 -0.991429 0.115823 -0.243574
4 -0.941265 -0.0179987 0.337189 0.511418
4 -0.332214 -0.129403 -0.934285 0.22884
4 0 0 0 1
4 -0.402218 -0.908126 0.116311 -0.0882003
4 -0.746261 0.398789 0.532974 0.595055
4 -0.530391 0.127573 -0.838099 0.282577
4 0 0 0 1
4 -0.729737 -0.631871 0.261194 0.107178
4 -0.304147 0.64213 0.703678 0.624971
4 -0.612355 0.434059 -0.660768 0.354347
4 0 0 0 1
4 -0.79917 -0.324027 0.506294 0.310127
4 0.225425 0.619246 0.752142 0.580168
4 -0.557234 0.715221 -0.42184 0.439972
4 0 0 0 1
4 -0.63367 -0.148761 0.759166 0.487019
4 0.670325 0.38428 0.634817 0.458181
4 -0.386169 0.911152 -0.143789 0.536183
4 0 0 0 1
4 -0.350997 -0.190017 0.916894 0.603888
4 0.925091 0.0811983 0.370962 0.273677
4 -0.144939 0.978417 0.147282 0.638485
4 0 0 0 1
4 -0.0909703 -0.415939 0.904831 0.635783
4 0.990206 -0.13441 0.0377674 0.0576627
4 0.105909 0.899405 0.424093 0.74149
4 0 0 0 1
4 0.0604071 -0.706091 0.70554 0.574845
4 0.950716 -0.174656 -0.256191 -0.148506
4 0.304121 0.686244 0.660742 0.839341
4 0 0 0 1
4 0.107686 -0.923895 0.367181 0.4343
4 0.910527 -0.0566392 -0.409552 -0.302992
4 0.39918 0.378431 0.835132 0.926178
4 0 0 0 1
4 0.0855253 -0.732244 0.675651 0.513825
4 0.888707 -0.250509 -0.383986 -0.35376
4 0.450428 0.633296 0.629325 0.823763
4 0 0 0 1
4 0.0653415 -0.584626 0.808668 0.551193
4 0.710479 -0.541789 -0.449094 -0.391974
4 0.700679 0.603885 0.379963 0.719882
4 0 0 0 1
4 0.119027 -0.336993 0.933953 0.571752
4 0.526381 -0.776155 -0.34714 -0.298443
4 0.841876 0.532934 0.085003 0.643599
4 0 0 0 1
4 0.490742 -0.297051 0.819105 0.490271
4 0.509957 -0.664333 -0.546448 -0.437172
4 0.706481 0.685873 -0.174533 0.534847
4 0 0 0 1
4 0.712491 -0.425804 0.557717 0.377653
4 0.0536461 -0.759447 -0.648354 -0.532354
4 0.699628 0.491866 -0.518256 0.42602
4 0 0 0 1
4 0.788627 -0.557856 0.25858 0.33948
4 -0.403157 -0.786664 -0.467572 -0.547063
4 0.464254 0.264492 -0.845288 0.265818
4 0 0 0 1
4 0.567219 -0.797738 0.204639 0.355005
4 -0.704975 -0.598769 -0.380113 -0.558157
4 0.425762 0.0713418 -0.902018 0.184068
4 0 0 0 1
4 0.304236 -0.950743 -0.0593981 0.242787
4 -0.950986 -0.299506 -0.0769505 -0.555173
4 0.0553701 0.0798979 -0.995264 0.138569
4 0 0 0 1
4 -4.3464e-06 -1 3.82872e-06 0.291901
4 -1 4.34641e-06 1.22606e-06 -0.5403
4 -1.22607e-06 -3.82871e-06 -1 0.147998
4 0 0 0 1
5 -3.6536e-06 -1 -1.02396e-05 -0.2581
5 -1 3.65353e-06 6.63275e-06 0.433702
5 -6.63271e-06 1.02396e-05 -1 0.148003
5 0 0 0 1
5 -0.533675 -0.845642 0.00900188 -0.119841
5 -0.845163 0.533688 0.0296072 0.494958
5 -0.0298412 0.00819253 -0.999521 0.149713
5 0 0 0 1
5 -0.676166 -0.711671 0.19059 0.0149551
5 -0.594739 0.679935 0.428922 0.527006
5 -0.43484 0.176671 -0.883007 0.281095
5 0 0 0 1
5 -0.808398 -0.570144 0.146388 0.104079
5 -0.357113 0.672724 0.648007 0.54863
5 -0.467936 0.471571 -0.747434 0.281034
5 0 0 0 1
5 -0.93742 -0.243883 0.248524 0.227656
5 0.01299 0.688749 0.724884 0.542237
5 -0.347957 0.682749 -0.642479 0.373736
5 0 0 0 1
5 -0.977967 -0.0065707 0.208658 0.152847
5 0.162739 0.602038 0.781707 0.530013
5 -0.130756 0.79844 -0.587704 0.450688
5 0 0 0 1
5 -0.919901 0.201956 0.33615 0.227971
5 0.391886 0.504978 0.76904 0.524374
5 -0.0144361 0.839173 -0.543673 0.452819
5 0 0 0 1
5 -0.657793 0.488265 0.573503 0.373238
5 0.714042 0.161938 0.681117 0.483618
5 0.239693 0.857539 -0.455163 0.457025
5 0 0 0 1
5 -0.299587 0.554577 0.776332 0.509807
5 0.808773 -0.284018 0.514996 0.403133
5 0.506097 0.782162 -0.363439 0.461172
5 0 0 0 1
5 0.0101107 0.693173 0.7207 0.57496
5 0.996834 -0.0638311 0.0474086 0.2531
5 0.0788655 0.717939 -0.691624 0.309014
5 0 0 0 1
5 0.443718 0.482147 0.755412 0.648694
5 0.83712 -0.523908 -0.157324 0.0977746
5 0.319913 0.702178 -0.636083 0.317269
5 0 0 0 1
5 0.686785 0.0632859 0.724101 0.679536
5 0.469796 -0.798804 -0.375771 -0.0760317
5 0.554633 0.598253 -0.578338 0.325937
5 0 0 0 1
5 0.660668 -0.419069 0.622816 0.662951
5 0.0381092 -0.809877 -0.585361 -0.256119
5 0.74971 0.410464 -0.519089 0.334927
5 0 0 0 1
5 0.382196 -0.804043 0.455458 0.597961
5 -0.298171 -0.573816 -0.762777 -0.429231
5 0.874654 0.155726 -0.459053 0.344147
5 0 0 0 1
5 -0.0450624 -0.971255 0.233738 0.487364
5 -0.419754 -0.19391 -0.886682 -0.582108
5 0.906518 -0.138068 -0.39895 0.353499
5 0 0 0 1
5 0.237445 -0.966627 0.0961886 0.448611
5 -0.70018 -0.238944 -0.672796 -0.539013
5 0.673326 0.0924024 -0.733549 0.269442
5 0 0 0 1
5 0.358486 -0.931224 0.0656508 0.40963
5 -0.879917 -0.36055 -0.309436 -0.528633
5 0.311824 0.0531611 -0.948651 0.172703
5 0 0 0 1
5 -4.3464e-06 -1 3.82872e-06 0.291901
5 -1 4.34641e-06 1.22606e-06 -0.5403
5 -1.22607e-06 -3.82871e-06 -1 0.147998
5 0 0 0 1
6 -3.6536e-06 -1 -1.02396e-05 -0.2581
6 -1 3.65353e-06 6.63275e-06 0.433702
6 -6.63271e-06 1.02396e-05 -1 0.148003
6 0 0 0 1
6 -0.22652 -0.960697 0.160466 -0.141479
6 -0.911561 0.267141 0.312557 0.493254
6 -0.34314 -0.0754743 -0.936247 0.172896
6 0 0 0 1
6 -0.462827 -0.878295 0.119953 -0.195862
6 -0.631397 0.421608 0.650834 0.558791
6 -0.622197 0.225485 -0.749684 0.222091
6 0 0 0 1
6 -0.387033 -0.869943 0.305621 -0.186068
6 -0.349964 0.445243 0.824187 0.55181
6 -0.853071 0.212032 -0.476772 0.331876
6 0 0 0 1
6 -0.448404 -0.790212 0.417731 -0.117988
6 -0.231523 0.554081 0.799619 0.566026
6 -0.863325 0.261839 -0.431404 0.349394
6 0 0 0 1
6 -0.480515 -0.436506 0.760636 0.11109
6 0.209512 0.785078 0.582887 0.551185
6 -0.851593 0.439448 -0.285788 0.407208
6 0 0 0 1
6 -0.244742 -0.0546552 0.968046 0.310684
6 0.590303 0.783649 0.193485 0.446449
6 -0.769184 0.618795 -0.159529 0.462227
6 0 0 0 1
6 -0.395368 0.00817265 0.918487 0.334345
6 0.68253 0.671798 0.287821 0.402341
6 -0.614685 0.74069 -0.271185 0.415431
6 0 0 0 1
6 -0.246893 0.286596 0.925692 0.427631
6 0.811562 0.583162 0.0359054 0.297736
6 -0.529538 0.760122 -0.376569 0.410583
6 0 0 0 1
6 -0.284612 0.422204 0.860663 0.513914
6 0.899591 0.427859 0.087596 0.322317
6 -0.331259 0.799175 -0.501584 0.320179
6 0 0 0 1
6 0.120907 0.609021 0.783885 0.610762
6 0.954172 0.146466 -0.260966 0.157847
6 -0.273746 0.779514 -0.563402 0.256551
6 0 0 0 1
6 -0.0827585 0.793253 0.603242 0.535768
6 0.988669 0.141423 -0.0503333 0.22184
6 -0.125239 0.592241 -0.795968 0.234036
6 0 0 0 1
6 -0.208357 0.958384 0.19516 0.47274
6 0.974748 0.219867 -0.0390475 0.257564
6 -0.0803317 0.182096 -0.979994 0.161167
6 0 0 0 1
6 0.335675 0.930225 0.148334 0.536717
6 0.941738 -0.327852 -0.0751155 0.122706
6 -0.0212429 0.164906 -0.986081 0.158838
6 0 0 0 1
6 0.782154 0.615267 0.0983977 0.563367
6 0.622726 -0.777258 -0.089904 -0.0250301
6 0.0211654 0.131594 -0.991078 0.15656
6 0 0 0 1
6 0.992658 0.108694 0.0530652 0.550388
6 0.112938 -0.989968 -0.0849018 -0.175432
6 0.0433046 0.0902716 -0.994975 0.154335
6 0 0 0 1
6 0.900515 -0.434415 0.0188816 0.49824
6 -0.432508 -0.899349 -0.064099 -0.317979
6 0.0448267 0.0495556 -0.997765 0.152164
6 0 0 0 1
6 0.532212 -0.846611 0.000470185 0.410147
6 -0.84613 -0.531928 -0.0334293 -0.442582
6 0.0285517 0.0173936 -0.999441 0.150052
6 0 0 0 1
6 -4.3464e-06 -1 3.82872e-06 0.291901
6 -1 4.34641e-06 1.22606e-06 -0.5403
6 -1.22607e-06 -3.82871e-06 -1 0.147998
6 0 0 0 1
7 -3.6536e-06 -1 -1.02396e-05 -0.2581
7 -1 3.65353e-06 6.63275e-06 0.433702
7 -6.63271e-06 1.02396e-05 -1 0.148003
7 0 0 0 1
7 -0.421466 -0.906279 -0.0320019 -0.0958125
7 -0.888539 0.405646 0.21436 0.480058
7 -0.181288 0.11878 -0.97623 0.187289
7 0 0 0 1
7 -0.532317 -0.83794 0.120394 0.0109088
7 -0.613741 0.479958 0.626867 0.555936
7 -0.583062 0.259801 -0.769768 0.265134
7 0 0 0 1
7 -0.753599 -0.502581 0.423676 0.20949
7 -0.11509 0.735462 0.66772 0.5064
7 -0.64718 0.454433 -0.612085 0.367006
7 0 0 0 1
7 -0.822521 -0.0709013 0.564298 0.373081
7 0.257402 0.838356 0.480524 0.441233
7 -0.507153 0.540493 -0.671315 0.329348
7 0 0 0 1
7 -0.683317 0.366843 0.631271 0.515014
7 0.636924 0.72219 0.269758 0.323557
7 -0.356939 0.586402 -0.727136 0.288916
7 0 0 0 1
7 -0.658457 0.405926 0.633765 0.527119
7 0.670405 0.699044 0.248788 0.309385
7 -0.34204 0.588695 -0.732425 0.284796
7 0 0 0 1
7 -0.888307 0.338155 0.310744 0.365233
7 0.44544 0.799097 0.403767 0.409926
7 -0.111779 0.497087 -0.860471 0.246335
7 0 0 0 1
7 -0.634506 0.751815 0.179378 0.423783
7 0.762135 0.569943 0.307107 0.335183
7 0.128653 0.331571 -0.934617 0.192038
7 0 0 0 1
7 -0.227478 0.967751 0.108217 0.458952
7 0.973064 0.221633 0.0634384 0.255305
7 0.0374081 0.119733 -0.992101 0.172544
7 0 0 0 1
7 0.324704 0.9404 0.101066 0.525282
7 0.943994 -0.328852 0.0270468 0.123969
7 0.0586707 0.0866238 -0.994512 0.168802
7 0 0 0 1
7 0.777603 0.623153 0.0837543 0.554943
7 0.62539 -0.780312 -0.000609747 -0.021636
7 0.0649746 0.0528532 -0.996486 0.164916
7 0 0 0 1
7 0.991732 0.113185 0.0604715 0.545072
7 0.114407 -0.993286 -0.0171323 -0.171335
7 0.0581264 0.023909 -0.998023 0.16089
7 0 0 0 1
7 0.900829 -0.432691 0.035847 0.495611
7 -0.432164 -0.901533 -0.0217269 -0.314448
7 0.0417184 0.00408047 -0.999121 0.156725
7 0 0 0 1
7 0.53252 -0.846295 0.0143986 0.409375
7 -0.846168 -0.532699 -0.015237 -0.440562
7 0.0205651 -0.00406957 -0.99978 0.152427
7 0 0 0 1
7 -4.3464e-06 -1 3.82872e-06 0.291901
7 -1 4.34641e-06 1.22606e-06 -0.5403
7 -1.22607e-06 -3.82871e-06 -1 0.147998
7 0 0 0 1
8 -3.6536e-06 -1 -1.02396e-05 -0.2581
8 -1 3.65353e-06 6.63275e-06 0.433702
8 -6.63271e-06 1.02396e-05 -1 0.148003
8 0 0 0 1
8 -0.0734901 -0.975212 0.208712 -0.110489
8 -0.972506 0.116448 0.201674 0.493897
8 -0.220979 -0.188152 -0.956957 0.149741
8 0 0 0 1
8 -0.502879 -0.773166 0.386429 0.0824787
8 -0.773941 0.601839 0.19699 0.494944
8 -0.384874 -0.200011 -0.901037 0.183772
8 0 0 0 1
8 -0.650312 -0.51762 0.556025 0.177219
8 -0.236964 0.833631 0.498905 0.511738
8 -0.721764 0.192686 -0.664778 0.319233
8 0 0 0 1
8 -0.656062 -0.45283 0.603761 0.198957
8 -0.0875449 0.840256 0.535076 0.506908
8 -0.749612 0.298187 -0.590903 0.353547
8 0 0 0 1
8 -0.823241 -0.333948 0.459079 0.281788
8 -0.276397 0.942137 0.189691 0.454166
8 -0.495862 0.0292732 -0.867908 0.207863
8 0 0 0 1
8 -0.815898 0.139163 0.561198 0.44531
8 0.258375 0.956056 0.13856 0.351909
8 -0.517255 0.25805 -0.816001 0.234158
8 0 0 0 1
8 -0.538185 0.514524 0.667549 0.570827
8 0.704956 0.708912 0.0219382 0.19343
8 -0.461945 0.482399 -0.744243 0.264866
8 0 0 0 1
8 -0.256358 0.716823 0.648418 0.63251
8 0.924621 0.377373 -0.051626 0.131155
8 -0.281702 0.586306 -0.759532 0.160683
8 0 0 0 1
8 -0.182069 0.914766 0.360629 0.557488
8 0.974104 0.217803 -0.0606845 0.13934
8 -0.134058 0.340242 -0.930733 0.118076
8 0 0 0 1
8 -0.213692 0.967318 0.136494 0.488807
8 0.970617 0.226057 -0.0824617 0.223407
8 -0.110622 0.114862 -0.987203 0.148125
8 0 0 0 1
8 0.333567 0.938194 0.0923287 0.542408
8 0.940821 -0.325069 -0.0958406 0.0915929
8 -0.059904 0.118834 -0.991105 0.147964
8 0 0 0 1
8 0.782306 0.620748 0.0516609 0.561392
8 0.622642 -0.776933 -0.0932292 -0.0503919
8 -0.0177348 0.1051 -0.994304 0.147858
8 0 0 0 1
8 0.993577 0.111478 0.0194188 0.544059
8 0.112661 -0.990597 -0.0776183 -0.193536
8 0.0105834 0.0793075 -0.996794 0.147807
8 0 0 0 1
8 0.901149 -0.433508 -0.000844753 0.49104
8 -0.432931 -0.899846 -0.053367 -0.328622
8 0.0223749 0.0484573 -0.998575 0.147813
8 0 0 0 1
8 0.532348 -0.846494 -0.00729799 0.405283
8 -0.846337 -0.532028 -0.0256787 -0.446827
8 0.0178541 0.0198466 -0.999644 0.147877
8 0 0 0 1
8 -4.3464e-06 -1 3.82872e-06 0.291901
8 -1 4.34641e-06 1.22606e-06 -0.5403
8 -1.22607e-06 -3.82871e-06 -1 0.147998
8 0 0 0 1
9 -3.6536e-06 -1 -1.02396e-05 -0.2581
9 -1 3.65353e-06 6.63275e-06 0.433702
9 -6.63271e-06 1.02396e-05 -1 0.148003
9 0 0 0 1
9 0.0128398 -0.990705 0.135421 -0.165557
9 -0.931584 0.0373542 0.361602 0.499358
9 -0.363299 -0.130798 -0.922445 0.218795
9 0 0 0 1
9 -0.446672 -0.891882 0.0709275 -0.0451576
9 -0.622759 0.366849 0.691081 0.53893
9 -0.642383 0.264516 -0.719289 0.373436
9 0 0 0 1
9 -0.728242 -0.661817 0.177936 0.0839046
9 -0.136344 0.394364 0.908783 0.502693
9 -0.67162 0.637554 -0.377427 0.53925
9 0 0 0 1
9 -0.762607 -0.474832 0.439278 0.230435
9 -0.0714716 0.736785 0.672339 0.550673
9 -0.642902 0.481335 -0.595814 0.338304
9 0 0 0 1
9 -0.698881 -0.171044 0.694485 0.409379
9 0.457866 0.63896 0.618133 0.467916
9 -0.549476 0.749983 -0.368242 0.411109
9 0 0 0 1
9 -0.424591 -0.0433502 0.904347 0.55076
9 0.83875 0.357272 0.41092 0.321069
9 -0.340912 0.932994 -0.115335 0.493002
9 0 0 0 1
9 -0.0868785 -0.147471 0.985243 0.628368
9 0.994189 0.0502738 0.0951923 0.128309
9 -0.06357 0.987788 0.142246 0.580789
9 0 0 0 1
9 0.167736 -0.422654 0.890634 0.625691
9 0.960711 -0.13257 -0.243845 -0.0805063
9 0.221133 0.896543 0.383811 0.670708
9 0 0 0 1
9 0.266726 -0.731246 0.627803 0.54122
9 0.85272 -0.124513 -0.507312 -0.269482
9 0.449139 0.670653 0.590337 0.758708
9 0 0 0 1
9 0.238826 -0.936473 0.256865 0.390317
9 0.788313 0.0325136 -0.614415 -0.404615
9 0.567032 0.349229 0.745999 0.840729
9 0 0 0 1
9 0.182238 -0.974949 -0.127528 0.202835
9 0.819427 0.222276 -0.52833 -0.4619
9 0.543441 -0.00821814 0.839407 0.912998
9 0 0 0 1
9 -0.0384773 -0.998961 -0.0244128 0.298522
9 0.738639 -0.0119791 -0.673995 -0.518779
9 0.673002 -0.0439658 0.738332 0.856063
9 0 0 0 1
9 -0.0916954 -0.99387 -0.0617544 0.262847
9 0.639664 -0.0112605 -0.768572 -0.610085
9 0.763166 -0.109977 0.636776 0.804067
9 0 0 0 1
9 0.126178 -0.990849 0.0479217 0.248842
9 0.299409 -0.00801624 -0.954091 -0.689873
9 0.945745 0.134733 0.295658 0.644126
9 0 0 0 1
9 0.372249 -0.882018 0.288921 0.287659
9 0.0235798 -0.302205 -0.952951 -0.661121
9 0.927833 0.361548 -0.0916977 0.528602
9 0 0 0 1
9 0.380414 -0.852124 0.359402 0.41355
9 -0.123082 -0.431812 -0.893527 -0.601736
9 0.916589 0.295674 -0.269148 0.386534
9 0 0 0 1
9 0.287273 -0.824641 0.487279 0.448357
9 -0.374112 -0.564913 -0.735468 -0.552787
9 0.881768 0.0289828 -0.470792 0.346625
9 0 0 0 1
9 0.376066 -0.894636 0.241249 0.449344
9 -0.641272 -0.439225 -0.629167 -0.557187
9 0.668838 0.0819025 -0.738882 0.229463
9 0 0 0 1
9 0.297094 -0.941498 0.159111 0.428874
9 -0.8837 -0.33423 -0.327666 -0.531703
9 0.361676 -0.043259 -0.9313 0.169511
9 0 0 0 1
9 -4.3464e-06 -1 3.82872e-06 0.291901
9 -1 4.34641e-06 1.22606e-06 -0.5403
9 -1.22607e-06 -3.82871e-06 -1 0.147998
9 0 0 0 1
10 -3.6536e-06 -1 -1.02396e-05 -0.2581
10 -1 3.65353e-06 6.63275e-06 0.433702
10 -6.63271e-06 1.02396e-05 -1 0.148003
10 0 0 0 1
10 -0.534624 -0.845011 -0.011539 -0.120962
10 -0.84472 0.533936 0.0368872 0.494364
10 -0.025009 0.029468 -0.999253 0.153724
10 0 0 0 1
10 -0.795265 -0.603758 -0.0550423 0.00613746
10 -0.568331 0.710822 0.414406 0.5276
10 -0.211075 0.360845 -0.908426 0.221434
10 0 0 0 1
10 -0.876487 -0.411253 0.250284 0.144499
10 -0.143214 0.719075 0.680015 0.590965
10 -0.459631 0.56018 -0.689157 0.277055
10 0 0 0 1
10 -0.823698 -0.411964 0.389626 0.0989406
10 0.156563 0.495187 0.854563 0.589003
10 -0.544987 0.764902 -0.343386 0.413576
10 0 0 0 1
10 -0.719951 -0.474792 0.506204 0.202437
10 0.336083 0.399642 0.852839 0.542552
10 -0.607222 0.784129 -0.128153 0.457853
10 0 0 0 1
10 -0.54369 -0.330254 0.771579 0.352124
10 0.766649 0.178692 0.6167 0.464544
10 -0.341543 0.926823 0.156036 0.535895
10 0 0 0 1
10 -0.262177 -0.363525 0.893931 0.465041
10 0.964678 -0.123395 0.232746 0.333936
10 0.025698 0.923376 0.383036 0.613702
10 0 0 0 1
10 -0.0404094 -0.559224 0.828031 0.523228
10 0.912125 -0.358965 -0.197919 0.16979
10 0.407915 0.747271 0.524588 0.685555
10 0 0 0 1
10 -0.00391216 -0.805971 0.591942 0.5193
10 0.704441 -0.422359 -0.570417 -0.00290362
10 0.709752 0.414756 0.569412 0.747374
10 0 0 0 1
10 -0.17362 -0.951554 0.253775 0.457377
10 0.495235 -0.307096 -0.812671 -0.159302
10 0.851233 -0.0154175 0.524561 0.797172
10 0 0 0 1
10 -0.456593 -0.884065 -0.0997603 0.350736
10 0.410679 -0.109967 -0.905124 -0.279855
10 0.789218 -0.454243 0.413277 0.835042
10 0 0 0 1
10 -0.698685 -0.594364 -0.39821 0.217582
10 0.48047 0.0225811 -0.87672 -0.352994
10 0.530083 -0.803879 0.269797 0.862726
10 0 0 0 1
10 -0.770638 -0.183833 -0.610182 0.0768342
10 0.623915 -0.0226345 -0.781164 -0.375096
10 0.129793 -0.982697 0.132139 0.882875
10 0 0 0 1
10 -0.718845 0.0411636 -0.69395 0.000511949
10 0.683939 -0.136833 -0.716592 -0.365793
10 -0.124453 -0.989739 0.0702082 0.891964
10 0 0 0 1
10 -0.58412 0.103001 -0.805106 -0.0444601
10 0.734759 -0.354351 -0.578416 -0.34884
10 -0.344867 -0.929423 0.131303 0.924638
10 0 0 0 1
10 -0.5628 -0.243382 -0.78995 -0.00747687
10 0.819051 -0.293003 -0.49326 -0.332891
10 -0.111407 -0.924616 0.364244 0.945849
10 0 0 0 1
10 -0.591108 -0.397277 -0.70197 0.0588306
10 0.806292 -0.267287 -0.527685 -0.41273
10 0.0220097 -0.877912 0.478316 0.887302
10 0 0 0 1
10 -0.617828 -0.465512 -0.633709 0.0793623
10 0.776109 -0.490433 -0.396396 -0.433769
10 -0.126265 -0.736732 0.664292 0.905807
10 0 0 0 1
10 -0.598327 -0.729163 -0.332154 0.142708
10 0.786267 -0.454515 -0.41857 -0.444704
10 0.154237 -0.511603 0.845265 0.836877
10 0 0 0 1
10 -0.82335 -0.537969 -0.180787 0.160591
10 0.526269 -0.604466 -0.598048 -0.386669
10 0.212452 -0.587546 0.780804 0.82525
10 0 0 0 1
10 -0.903834 -0.406508 -0.133544 0.198391
10 0.359126 -0.551027 -0.753259 -0.428067
10 0.23262 -0.72878 0.644024 0.799882
10 0 0 0 1
10 -0.881473 -0.468487 0.0593764 0.24376
10 0.302483 -0.656688 -0.690843 -0.402704
10 0.362643 -0.590999 0.720562 0.85924
10 0 0 0 1
10 -0.586566 -0.786642 0.192704 0.226255
10 0.278627 -0.419409 -0.863981 -0.453419
10 0.760465 -0.453089 0.465191 0.752561
10 0 0 0 1
10 -0.627009 -0.61649 0.476235 0.362958
10 -0.0696895 -0.564492 -0.822491 -0.480911
10 0.775889 -0.548898 0.310979 0.647861
10 0 0 0 1
10 -0.338945 -0.641191 0.688469 0.37258
10 -0.293111 -0.623395 -0.724889 -0.420613
10 0.893981 -0.447495 0.0233567 0.611602
10 0 0 0 1
10 -0.173948 -0.812085 0.55701 0.33173
10 -0.338427 -0.481884 -0.808242 -0.523718
10 0.924775 -0.3291 -0.191008 0.565858
10 0 0 0 1
10 0.115738 -0.855072 0.505426 0.343723
10 -0.623116 -0.458769 -0.633449 -0.501736
10 0.773518 -0.241625 -0.585907 0.486141
10 0 0 0 1
10 0.364672 -0.886558 0.284656 0.424346
10 -0.85833 -0.43857 -0.266318 -0.508134
10 0.360948 -0.14721 -0.920894 0.222689
10 0 0 0 1
10 -4.3464e-06 -1 3.82872e-06 0.291901
10 -1 4.34641e-06 1.22606e-06 -0.5403
10 -1.22607e-06 -3.82871e-06 -1 0.147998
10 0 0 0 1
11 -3.6536e-06 -1 -1.02396e-05 -0.2581
11 -1 3.65353e-06 6.63275e-06 0.433702
11 -6.63271e-06 1.02396e-05 -1 0.148003
11 0 0 0 1
11 -0.176608 -0.978974 0.102076 -0.0996686
11 -0.928789 0.200082 0.311959 0.525814
11 -0.325824 -0.0397123 -0.944596 0.215371
11 0 0 0 1
11 -0.658709 -0.734961 0.161042 0.0536204
11 -0.679254 0.672947 0.292842 0.538335
11 -0.3236 0.0835089 -0.942501 0.227294
11 0 0 0 1
11 -0.71885 -0.489799 0.493308 0.249218
11 -0.433362 0.870603 0.232914 0.502055
11 -0.543556 -0.0463508 -0.838092 0.274455
11 0 0 0 1
11 -0.783332 -0.381417 0.490828 0.280649
11 -0.309139 0.924083 0.224728 0.491181
11 -0.539282 0.0243024 -0.841775 0.27262
11 0 0 0 1
11 -0.868388 0.0787179 0.489597 0.396132
11 0.201661 0.958051 0.203646 0.433284
11 -0.453028 0.275577 -0.847834 0.266867
11 0 0 0 1
11 -0.701193 0.502593 0.505696 0.500421
11 0.659132 0.727353 0.191057 0.349802
11 -0.271796 0.467289 -0.84129 0.263098
11 0 0 0 1
11 -0.347644 0.765867 0.540918 0.587527
11 0.937209 0.301051 0.176091 0.242531
11 -0.0279817 0.56817 -0.822436 0.2613
11 0 0 0 1
11 -0.217081 0.958661 0.183967 0.501778
11 0.975284 0.220956 -0.000580458 0.233653
11 -0.0412052 0.179294 -0.982932 0.184492
11 0 0 0 1
11 0.3296 0.932382 0.148416 0.555074
11 0.94405 -0.327401 -0.0397252 0.097054
11 0.0115525 0.153206 -0.988127 0.178287
11 0 0 0 1
11 0.778908 0.617969 0.106847 0.57232
11 0.6255 -0.77782 -0.0611955 -0.0487903
11 0.0452912 0.114499 -0.99239 0.17213
11 0 0 0 1
11 0.991652 0.110885 0.0658103 0.552292
11 0.115149 -0.991221 -0.0649677 -0.194496
11 0.0580286 0.0720033 -0.995715 0.16602
11 0 0 0 1
11 0.900745 -0.433215 0.0313462 0.496176
11 -0.431312 -0.900635 -0.0531573 -0.330661
11 0.05126 0.0343612 -0.998094 0.159961
11 0 0 0 1
11 0.532674 -0.846279 0.00834133 0.407499
11 -0.845803 -0.532667 -0.0297252 -0.448477
11 0.029599 0.00877871 -0.999523 0.153954
11 0 0 0 1
11 -4.3464e-06 -1 3.82872e-06 0.291901
11 -1 4.34641e-06 1.22606e-06 -0.5403
11 -1.22607e-06 -3.82871e-06 -1 0.147998
11 0 0 0 1
12 -3.6536e-06 -1 -1.02396e-05 -0.2581
12 -1 3.65353e-06 6.63275e-06 0.433702
12 -6.63271e-06 1.02396e-05 -1 0.148003
12 0 0 0 1
12 -0.535055 -0.844788 -0.00709511 -0.114391
12 -0.844393 0.534501 0.0361869 0.492734
12 -0.0267779 0.025353 -0.99932 0.151385
12 0 0 0 1
12 -0.551337 -0.776384 -0.305377 -0.106486
12 -0.815241 0.423607 0.394891 0.470815
12 -0.177227 0.466674 -0.866491 0.305344
12 0 0 0 1
12 -0.597112 -0.748171 -0.289305 -0.0953802
12 -0.781324 0.460796 0.420951 0.47828
12 -0.181633 0.477396 -0.859711 0.307801
12 0 0 0 1
12 -0.911323 -0.399775 -0.0983428 0.017961
12 -0.370067 0.690798 0.621167 0.532201
12 -0.180392 0.602477 -0.777483 0.333764
12 0 0 0 1
12 -0.98788 0.023835 0.153381 0.147982
12 0.129887 0.667978 0.732758 0.555495
12 -0.0849901 0.743799 -0.662978 0.365546
12 0 0 0 1
12 -0.82192 0.374259 0.429392 0.285298
12 0.558824 0.383868 0.735093 0.542824
12 0.110285 0.844142 -0.524653 0.401937
12 0 0 0 1
12 -0.501065 0.52627 0.687004 0.418928
12 0.778233 -0.0732204 0.623692 0.492225
12 0.378533 0.847159 -0.372873 0.441394
12 0 0 0 1
12 -0.174268 0.43256 0.884603 0.537633
12 0.727538 -0.548816 0.41169 0.405539
12 0.663565 0.715327 -0.219063 0.482161
12 0 0 0 1
12 -0.00117026 0.636724 0.771091 0.533161
12 0.74194 -0.516438 0.427572 0.32465
12 0.670466 0.572603 -0.471806 0.465207
12 0 0 0 1
12 0.322986 0.674794 0.663576 0.588661
12 0.588203 -0.692417 0.417823 0.274002
12 0.741415 0.255367 -0.620557 0.390776
12 0 0 0 1
12 0.632272 0.677735 0.375376 0.621648
12 0.671712 -0.720973 0.170293 0.123601
12 0.38605 0.144473 -0.911094 0.25284
12 0 0 0 1
12 0.865549 0.245482 0.436535 0.653864
12 0.213579 -0.969327 0.121614 -0.0336392
12 0.452999 -0.0120275 -0.89143 0.269161
12 0 0 0 1
12 0.836595 -0.23735 0.493734 0.64534
12 -0.299553 -0.952793 0.049538 -0.196951
12 0.458668 -0.189342 -0.868201 0.285926
12 0 0 0 1
12 0.561406 -0.62868 0.538131 0.595107
12 -0.725216 -0.686984 -0.0459974 -0.355384
12 0.398605 -0.364438 -0.841605 0.303043
12 0 0 0 1
12 0.486103 -0.859527 0.157849 0.448046
12 -0.862675 -0.500825 -0.0704734 -0.457322
12 0.139629 -0.101915 -0.984945 0.204242
12 0 0 0 1
12 -4.3464e-06 -1 3.82872e-06 0.291901
12 -1 4.34641e-06 1.22606e-06 -0.5403
12 -1.22607e-06 -3.82871e-06 -1 0.147998
12 0 0 0 1
13 -3.6536e-06 -1 -1.02396e-05 -0.2581
13 -1 3.65353e-06 6.63275e-06 0.433702
13 -6.63271e-06 1.02396e-05 -1 0.148003
13 0 0 0 1
13 -0.532422 -0.846156 -0.0233834 -0.131707
13 -0.846371 0.53171 0.0306752 0.494795
13 -0.0135228 0.0361232 -0.999256 0.151977
13 0 0 0 1
13 -0.80112 -0.557275 -0.218291 -0.0843223
13 -0.594885 0.701373 0.392668 0.525189
13 -0.0657203 0.444432 -0.893399 0.257952
13 0 0 0 1
13 -0.964183 -0.264959 -0.0121369 0.118363
13 -0.202126 0.704363 0.680454 0.57009
13 -0.171744 0.658536 -0.73269 0.313635
13 0 0 0 1
13 -0.884296 -0.342834 0.316993 0.221236
13 0.0873823 0.545389 0.833615 0.550853
13 -0.458676 0.764863 -0.452328 0.397237
13 0 0 0 1
13 -0.720027 -0.395146 0.570457 0.296222
13 0.377078 0.467312 0.799645 0.506997
13 -0.582558 0.790872 -0.187477 0.472696
13 0 0 0 1
13 -0.795644 -0.10405 0.596762 0.375147
13 0.5043 0.432014 0.747693 0.437062
13 -0.335607 0.895844 -0.291257 0.476719
13 0 0 0 1
13 -0.74268 0.203636 0.637933 0.47092
13 0.657291 0.403832 0.636308 0.380526
13 -0.128043 0.891881 -0.433766 0.452076
13 0 0 0 1
13 -0.36175 0.177816 0.915161 0.591194
13 0.931716 0.102945 0.348292 0.179742
13 -0.0322799 0.978664 -0.202914 0.537725
13 0 0 0 1
13 0.0578009 -0.0401329 0.997521 0.615503
13 0.992033 -0.109726 -0.0618974 -0.0545439
13 0.111938 0.993151 0.0334708 0.625913
13 0 0 0 1
13 0.397049 -0.356296 0.845816 0.537172
13 0.873263 -0.136929 -0.467614 -0.274602
13 0.282426 0.924286 0.256772 0.7129
13 0 0 0 1
13 0.432196 -0.369151 0.82276 0.551836
13 0.754985 -0.350828 -0.554001 -0.391534
13 0.493158 0.860608 0.127077 0.619016
13 0 0 0 1
13 0.465066 -0.378721 0.800178 0.501739
13 0.551149 -0.583472 -0.596485 -0.451298
13 0.692783 0.718422 -0.0626212 0.532678
13 0 0 0 1
13 0.572026 -0.426111 0.700868 0.426205
13 0.205605 -0.752702 -0.625433 -0.521469
13 0.794049 0.501866 -0.342954 0.463845
13 0 0 0 1
13 0.449542 -0.575599 0.68308 0.378239
13 -0.0913032 -0.790309 -0.605868 -0.594939
13 0.888581 0.209995 -0.407831 0.441574
13 0 0 0 1
13 0.486453 -0.724419 0.488448 0.387051
13 -0.555116 -0.687972 -0.467484 -0.599533
13 0.674692 -0.0437365 -0.736802 0.287309
13 0 0 0 1
13 0.335015 -0.793594 0.507911 0.473276
13 -0.74722 -0.55215 -0.369854 -0.543129
13 0.573957 -0.255614 -0.777968 0.253325
13 0 0 0 1
13 0.221956 -0.89959 0.376129 0.485869
13 -0.945635 -0.292644 -0.141895 -0.488431
13 0.23772 -0.324186 -0.915638 0.205015
13 0 0 0 1
13 -4.3464e-06 -1 3.82872e-06 0.291901
13 -1 4.34641e-06 1.22606e-06 -0.5403
13 -1.22607e-06 -3.82871e-06 -1 0.147998
13 0 0 0 1
14 -3.6536e-06 -1 -1.02396e-05 -0.2581
14 -1 3.65353e-06 6.63275e-06 0.433702
14 -6.63271e-06 1.02396e-05 -1 0.148003
14 0 0 0 1
14 -0.0289045 -0.999423 0.0178602 -0.250425
14 -0.918614 0.0336035 0.393724 0.456334
14 -0.394097 -0.00502624 -0.919055 0.187004
14 0 0 0 1
14 -0.175008 -0.952842 -0.247922 -0.257018
14 -0.935996 0.0829005 0.342109 0.390081
14 -0.305422 0.291926 -0.906365 0.216737
14 0 0 0 1
14 -0.271096 -0.661835 -0.698914 -0.331495
14 -0.827592 -0.210519 0.520359 0.38684
14 -0.491527 0.719483 -0.490659 0.423982
14 0 0 0 1
14 -0.264208 -0.694448 -0.66928 -0.195781
14 -0.674013 -0.363407 0.643149 0.354749
14 -0.689855 0.621029 -0.372052 0.509375
14 0 0 0 1
14 -0.301974 -0.858349 -0.414787 -0.0644582
14 -0.379131 -0.29108 0.878369 0.383242
14 -0.874684 0.422503 -0.237528 0.533661
14 0 0 0 1
14 -0.518267 -0.837344 -0.173937 0.0121459
14 -0.287908 -0.020685 0.957435 0.429366
14 -0.8053 0.546285 -0.230358 0.516056
14 0 0 0 1
14 -0.740988 -0.64249 0.195301 0.147117
14 -0.000587446 0.291456 0.956584 0.464635
14 -0.671518 0.708703 -0.216343 0.485984
14 0 0 0 1
14 -0.773455 -0.334571 0.538358 0.29665
14 0.386544 0.42416 0.818946 0.453905
14 -0.502346 0.841517 -0.198742 0.450868
14 0 0 0 1
14 -0.590088 -0.037679 0.80646 0.444141
14 0.748139 0.34994 0.563764 0.393414
14 -0.303455 0.936014 -0.178306 0.41091
14 0 0 0 1
14 -0.241737 0.13178 0.961352 0.572508
14 0.966775 0.117578 0.226984 0.285395
14 -0.0831215 0.984281 -0.155825 0.366367
14 0 0 0 1
14 -0.388291 0.411291 0.824663 0.557184
14 0.916174 0.268694 0.297371 0.316181
14 -0.0992755 0.871001 -0.481146 0.289661
14 0 0 0 1
14 -0.481359 0.595098 0.643546 0.590576
14 0.873416 0.387421 0.295042 0.258184
14 -0.0737439 0.704104 -0.706257 0.237064
14 0 0 0 1
14 -0.496788 0.833984 0.240152 0.50605
14 0.867854 0.475581 0.143709 0.254258
14 0.00563894 0.27981 -0.960039 0.161676
14 0 0 0 1
14 -0.242336 0.967209 0.0760281 0.48921
14 0.967488 0.235071 0.093316 0.259314
14 0.0723841 0.0961701 -0.992729 0.194023
14 0 0 0 1
14 0.313285 0.946167 0.0813682 0.550484
14 0.946154 -0.318336 0.0587863 0.12045
14 0.081524 0.05857 -0.994949 0.186325
14 0 0 0 1
14 0.771788 0.631432 0.0750859 0.573623
14 0.63129 -0.775018 0.0286223 -0.0297386
14 0.076266 0.0253106 -0.996766 0.178636
14 0 0 0 1
14 0.990918 0.120348 0.0599788 0.556946
14 0.120194 -0.992731 0.00618511 -0.180934
14 0.0602872 0.00108017 -0.99818 0.170958
14 0 0 0 1
14 0.902611 -0.428622 0.0397076 0.501526
14 -0.428724 -0.903413 -0.0063525 -0.322726
14 0.0385952 -0.0112898 -0.999191 0.163292
14 0 0 0 1
14 0.534211 -0.845151 0.018364 0.411117
14 -0.845185 -0.534411 -0.00819989 -0.445337
14 0.0167441 -0.0111405 -0.999798 0.155638
14 0 0 0 1
14 -4.3464e-06 -1 3.82872e-06 0.291901
14 -1 4.34641e-06 1.22606e-06 -0.5403
14 -1.22607e-06 -3.82871e-06 -1 0.147998
14 0 0 0 1
15 -3.6536e-06 -1 -1.02396e-05 -0.2581
15 -1 3.65353e-06 6.63275e-06 0.433702
15 -6.63271e-06 1.02396e-05 -1 0.148003
15 0 0 0 1
15 -0.534814 -0.84491 -0.0100776 -0.117775
15 -0.844663 0.53426 0.0333281 0.494129
15 -0.0227752 0.0263366 -0.999394 0.152933
15 0 0 0 1
15 -0.716587 -0.697478 -0.00519488 0.0606065
15 -0.646343 0.661215 0.380834 0.535956
15 -0.262189 0.276259 -0.924629 0.251852
15 0 0 0 1
15 -0.865079 -0.496734 0.0699581 0.184843
15 -0.316476 0.648637 0.69218 0.5283
15 -0.389206 0.57665 -0.718327 0.313314
15 0 0 0 1
15 -0.92335 -0.348788 0.160533 0.132212
15 -0.0331262 0.488907 0.871707 0.527848
15 -0.382527 0.799573 -0.462987 0.450912
15 0 0 0 1
15 -0.891164 -0.188256 0.412778 0.228675
15 0.381038 0.183257 0.906216 0.522928
15 -0.246245 0.964871 -0.0915795 0.529121
15 0 0 0 1
15 -0.76765 -0.141587 0.625034 0.318058
15 0.639583 -0.231021 0.733187 0.477509
15 0.0405863 0.962592 0.2679 0.618098
15 0 0 0 1
15 -0.641886 -0.212773 0.736689 0.387513
15 0.667857 -0.627178 0.400768 0.394206
15 0.376762 0.74925 0.544678 0.706245
15 0 0 0 1
15 -0.602085 -0.338752 0.723008 0.427545
15 0.484436 -0.874803 -0.00645861 0.283316
15 0.634677 0.346362 0.69081 0.783444
15 0 0 0 1
15 -0.68341 -0.411634 0.602917 0.434539
15 0.190892 -0.897901 -0.396653 0.159463
15 0.704636 -0.155984 0.692212 0.843147
15 0 0 0 1
15 -0.840445 -0.330911 0.429127 0.410947
15 -0.0779868 -0.709795 -0.700078 0.0373824
15 0.536256 -0.621843 0.570737 0.883343
15 0 0 0 1
15 -0.962386 -0.0603511 0.264899 0.363328
15 -0.218897 -0.405291 -0.887594 -0.0715186
15 0.160929 -0.912193 0.376836 0.906221
15 0 0 0 1
15 -0.926584 0.341632 0.157259 0.299334
15 -0.206476 -0.112602 -0.971951 -0.160722
15 -0.314342 -0.933064 0.174874 0.916736
15 0 0 0 1
15 -0.819862 0.557783 0.129248 0.261896
15 -0.156192 -0.00070677 -0.987726 -0.198313
15 -0.550845 -0.829987 0.0877006 0.919225
15 0 0 0 1
15 -0.970013 0.237737 0.0505626 0.20998
15 -0.078316 -0.108781 -0.990976 -0.250741
15 -0.230091 -0.965219 0.124138 0.924852
15 0 0 0 1
15 -0.930912 -0.234414 -0.280096 0.2409
15 0.323974 -0.175838 -0.929581 -0.311683
15 0.168655 -0.956102 0.239634 0.892151
15 0 0 0 1
15 -0.868299 -0.328527 -0.371653 0.312921
15 0.479254 -0.362351 -0.799385 -0.33765
15 0.127951 -0.872222 0.472077 0.849844
15 0 0 0 1
15 -0.913168 -0.0236025 -0.4069 0.269228
15 0.384041 -0.384204 -0.839583 -0.376919
15 -0.136516 -0.922947 0.359907 0.828017
15 0 0 0 1
15 -0.974562 -0.00847883 -0.223957 0.359316
15 0.190473 -0.557932 -0.807732 -0.323225
15 -0.118104 -0.829843 0.545355 0.844413
15 0 0 0 1
15 -0.979887 0.161959 -0.116581 0.377023
15 0.0313736 -0.451911 -0.891511 -0.315744
