0 1.66533e-16 -1 -5.32293e-16 -1.73472e-17
0 -1 -1.11022e-16 2.04359e-15 0.45
0 -2.01102e-15 5.09072e-16 -1 0.128
0 0 0 0 1
0 -0.529666 -0.8482 -0.0031884 0.117721
0 -0.847684 0.529205 0.037068 0.447895
0 -0.0297538 0.0223364 -0.999308 0.13119
0 0 0 0 1
0 -0.89816 -0.439513 0.0116607 0.234877
0 -0.437587 0.896172 0.0734376 0.416972
0 -0.0427268 0.0608561 -0.997232 0.134666
0 0 0 0 1
0 -0.901375 -0.315599 0.296513 0.269849
0 -0.147597 0.867631 0.474796 0.473698
0 -0.407109 0.384205 -0.828643 0.227562
0 0 0 0 1
0 -0.863445 0.0354764 0.503194 0.459573
0 0.282254 0.860731 0.423644 0.362759
0 -0.418086 0.507822 -0.753207 0.261575
0 0 0 0 1
0 -0.793947 0.16143 0.586164 0.524196
0 0.441679 0.815682 0.373606 0.296295
0 -0.417812 0.55552 -0.718909 0.276264
0 0 0 0 1
0 -0.876869 0.236818 0.418352 0.404065
0 0.410676 0.821387 0.395815 0.39442
0 -0.249892 0.518885 -0.817504 0.228329
0 0 0 0 1
0 -0.583868 0.631613 0.510063 0.505591
0 0.808726 0.507548 0.297249 0.292595
0 -0.0711351 0.586055 -0.807142 0.228871
0 0 0 0 1
0 -0.130185 0.80542 0.578231 0.58164
0 0.983708 0.0320001 0.176903 0.166771
0 0.123978 0.59184 -0.796464 0.229274
0 0 0 0 1
0 0.341937 0.708298 0.61757 0.626486
0 0.885527 -0.462818 0.0405115 0.023414
0 0.314517 0.533023 -0.785472 0.229541
0 0 0 0 1
0 0.686336 0.373207 0.624227 0.636071
0 0.54701 -0.830529 -0.104887 -0.129635
0 0.479294 0.413446 -0.77417 0.229674
0 0 0 0 1
0 0.797268 -0.0950167 0.5961 0.608331
0 0.0728799 -0.965157 -0.251318 -0.283599
0 0.599209 0.243812 -0.762564 0.229674
0 0 0 0 1
0 0.640909 -0.55233 0.533074 0.543413
0 -0.392911 -0.832631 -0.390316 -0.429275
0 0.659437 0.0407066 -0.750657 0.229544
0 0 0 0 1
0 0.26464 -0.859585 0.437126 0.443752
0 -0.711281 -0.480076 -0.513426 -0.557601
0 0.651187 -0.175046 -0.738454 0.229286
0 0 0 0 1
0 0.103223 -0.953102 0.284503 0.301658
0 -0.942487 -0.185142 -0.278282 -0.59302
0 0.317904 -0.239416 -0.917397 0.178433
0 0 0 0 1
0 0 -1 9.37637e-16 0.3
0 -1 -5.55112e-17 -1.10405e-15 -0.5
0 1.09815e-15 -9.56047e-16 -1 0.128
0 0 0 0 1
1 1.66533e-16 -1 -5.32293e-16 -1.73472e-17
1 -1 -1.11022e-16 2.04359e-15 0.45
1 -2.01102e-15 5.09072e-16 -1 0.128
1 0 0 0 1
1 -0.525783 -0.850491 0.0147524 0.110528
1 -0.849825 0.525963 0.0340672 0.444462
1 -0.036733 0.00537498 -0.999311 0.128985
1 0 0 0 1
1 -0.893538 -0.446844 0.0438222 0.218902
1 -0.444121 0.893965 0.0598655 0.41394
1 -0.0659261 0.0340298 -0.997244 0.130214
1 0 0 0 1
1 -0.857042 -0.332334 0.393742 0.270606
1 -0.230661 0.9308 0.283562 0.484961
1 -0.460732 0.152203 -0.874391 0.173353
1 0 0 0 1
1 -0.620021 -0.408642 0.669765 0.280749
1 -0.249789 0.912048 0.325229 0.516345
1 -0.74376 0.0343494 -0.667563 0.207257
1 0 0 0 1
1 -0.420025 -0.0850403 0.903519 0.438995
1 0.28245 0.933901 0.219204 0.431266
1 -0.862439 0.347271 -0.368242 0.355299
1 0 0 0 1
1 -0.55638 0.0427212 0.829829 0.459564
1 0.377768 0.902506 0.206822 0.405042
1 -0.740089 0.428554 -0.518275 0.301953
1 0 0 0 1
1 -0.667258 0.317802 0.673624 0.475645
1 0.550773 0.819369 0.159006 0.357783
1 -0.501414 0.477112 -0.721767 0.230755
1 0 0 0 1
1 -0.615372 0.644428 0.453905 0.475977
1 0.753271 0.650392 0.0978426 0.30299
1 -0.232163 0.402123 -0.885662 0.168483
1 0 0 0 1
1 -0.163532 0.875548 0.454613 0.54006
1 0.983595 0.180272 0.00662732 0.185515
1 -0.0761513 0.448239 -0.890664 0.166194
1 0 0 0 1
1 0.342527 0.831159 0.438007 0.576124
1 0.935797 -0.343226 -0.0805007 0.0568045
1 0.0834265 0.437459 -0.89536 0.163954
1 0 0 0 1
1 0.749132 0.523559 0.405817 0.582398
1 0.622368 -0.766088 -0.160524 -0.0765637
1 0.226848 0.372821 -0.899747 0.161762
1 0 0 0 1
1 0.931812 0.0443328 0.360223 0.558636
1 0.135126 -0.963535 -0.230958 -0.207791
1 0.336848 0.263885 -0.903824 0.15962
1 0 0 0 1
1 0.832826 -0.462774 0.303712 0.506119
1 -0.38191 -0.877556 -0.289897 -0.330204
1 0.400681 0.125443 -0.90759 0.157527
1 0 0 0 1
1 0.478821 -0.844772 0.238939 0.42759
1 -0.77545 -0.534571 -0.336023 -0.437599
1 0.411592 -0.0243905 -0.911042 0.155483
1 0 0 0 1
1 -0.0267753 -0.985321 0.168599 0.327107
1 -0.928827 -0.0378275 -0.368579 -0.52455
1 0.369546 -0.166468 -0.91418 0.153489
1 0 0 0 1
1 0 -1 9.37637e-16 0.3
1 -1 -5.55112e-17 -1.10405e-15 -0.5
1 1.09815e-15 -9.56047e-16 -1 0.128
1 0 0 0 1
2 1.66533e-16 -1 -5.32293e-16 -1.73472e-17
2 -1 -1.11022e-16 2.04359e-15 0.45
2 -2.01102e-15 5.09072e-16 -1 0.128
2 0 0 0 1
2 -0.317898 -0.912367 0.257927 0.15944
2 -0.908183 0.371149 0.193524 0.478096
2 -0.272295 -0.172724 -0.946584 0.136261
2 0 0 0 1
2 -0.191177 -0.818272 0.54211 0.178481
2 -0.772345 0.466246 0.43139 0.489235
2 -0.605751 -0.336224 -0.721124 0.290592
2 0 0 0 1
2 -0.50239 -0.660243 0.558286 0.273204
2 -0.525866 0.745857 0.408854 0.47776
2 -0.686345 -0.0881799 -0.721911 0.268652
2 0 0 0 1
2 -0.732143 -0.336886 0.59201 0.390296
2 -0.105735 0.914805 0.38981 0.439646
2 -0.672895 0.2228 -0.705388 0.24415
2 0 0 0 1
2 -0.764635 0.0292249 0.643801 0.50383
2 0.343415 0.863804 0.368658 0.372595
2 -0.545344 0.502979 -0.670531 0.221809
2 0 0 0 1
2 -0.61994 0.332208 0.710853 0.605777
2 0.713345 0.615969 0.334248 0.276051
2 -0.326824 0.714297 -0.618843 0.201497
2 0 0 0 1
2 -0.644236 0.69143 0.326934 0.531994
2 0.761077 0.621834 0.184619 0.184019
2 -0.0756472 0.36776 -0.926839 0.0833876
2 0 0 0 1
2 -0.623628 0.753413 0.208461 0.481017
2 0.765126 0.642941 -0.0347588 0.206937
2 -0.160216 0.137822 -0.977413 0.132122
2 0 0 0 1
2 -0.140144 0.975634 0.168812 0.522127
2 0.985924 0.153205 -0.0669432 0.101414
2 -0.0911748 0.157054 -0.983372 0.131253
2 0 0 0 1
2 0.390086 0.912116 0.126007 0.540697
2 0.920327 -0.38194 -0.084386 -0.0104739
2 -0.0288425 0.148886 -0.988434 0.130476
2 0 0 0 1
2 0.810576 0.579517 0.0844199 0.53587
2 0.585376 -0.806034 -0.0874274 -0.123957
2 0.0173797 0.120284 -0.992587 0.129792
2 0 0 0 1
2 0.996079 0.0742652 0.0480839 0.507786
2 0.0778509 -0.993942 -0.0775797 -0.234187
2 0.0420311 0.0810189 -0.995826 0.129201
2 0 0 0 1
2 0.890081 -0.455345 0.0204012 0.457582
2 -0.453647 -0.889332 -0.0573885 -0.336444
2 0.044275 0.0418255 -0.998143 0.128706
2 0 0 0 1
2 0.522195 -0.852817 0.00389044 0.387339
2 -0.852372 -0.522061 -0.0302216 -0.42634
2 0.0278046 0.0124655 -0.999536 0.128305
2 0 0 0 1
2 0 -1 9.37637e-16 0.3
2 -1 -5.55112e-17 -1.10405e-15 -0.5
2 1.09815e-15 -9.56047e-16 -1 0.128
2 0 0 0 1
3 1.66533e-16 -1 -5.32293e-16 -1.73472e-17
3 -1 -1.11022e-16 2.04359e-15 0.45
3 -2.01102e-15 5.09072e-16 -1 0.128
3 0 0 0 1
3 -0.531151 -0.847276 -0.00123235 0.117082
3 -0.846963 0.530914 0.0279879 0.439634
3 -0.0230592 0.0159096 -0.999608 0.131734
3 0 0 0 1
3 -0.899837 -0.436088 0.0110104 0.229671
3 -0.434912 0.898797 0.054915 0.401366
3 -0.0338439 0.044626 -0.99843 0.13563
3 0 0 0 1
3 -0.978719 -0.109734 0.1734 0.326903
3 -0.0358484 0.923445 0.382054 0.423943
3 -0.20205 0.367707 -0.907726 0.268621
3 0 0 0 1
3 -0.947155 0.241855 0.210721 0.390577
3 0.301529 0.8954 0.327627 0.370285
3 -0.109441 0.373852 -0.921009 0.257243
3 0 0 0 1
3 -0.669446 0.701494 0.244435 0.470577
3 0.742687 0.624908 0.240636 0.272042
3 0.0160552 0.342632 -0.939332 0.240107
3 0 0 0 1
3 -0.190584 0.949013 0.251103 0.526476
3 0.975577 0.154642 0.156 0.158473
3 0.109215 0.274702 -0.955307 0.223225
3 0 0 0 1
3 0.347809 0.907949 0.233788 0.555444
3 0.923583 -0.374704 0.0811906 0.0354853
3 0.161318 0.187684 -0.968892 0.206611
3 0 0 0 1
3 0.783886 0.588665 0.197477 0.556101
3 0.596737 -0.802126 0.0223313 -0.0905343
3 0.171547 0.100336 -0.980053 0.190278
3 0 0 0 1
3 0.985121 0.0863414 0.1486 0.528576
3 0.089734 -0.995833 -0.0162671 -0.213068
3 0.146577 0.0293596 -0.988764 0.17424
3 0 0 0 1
3 0.889351 -0.447361 0.0944567 0.474499
3 -0.446384 -0.894254 -0.0324242 -0.325825
3 0.0989736 -0.0133274 -0.995001 0.158507
3 0 0 0 1
3 0.524401 -0.850407 0.0425628 0.396893
3 -0.850299 -0.525646 -0.0262299 -0.423084
3 0.0446791 -0.0224361 -0.998749 0.143091
3 0 0 0 1
3 0 -1 9.37637e-16 0.3
3 -1 -5.55112e-17 -1.10405e-15 -0.5
3 1.09815e-15 -9.56047e-16 -1 0.128
3 0 0 0 1
4 1.66533e-16 -1 -5.32293e-16 -1.73472e-17
4 -1 -1.11022e-16 2.04359e-15 0.45
4 -2.01102e-15 5.09072e-16 -1 0.128
4 0 0 0 1
4 -0.339529 -0.93908 0.053364 0.156003
4 -0.862593 0.333492 0.380416 0.486373
4 -0.375038 0.083131 -0.923275 0.250509
4 0 0 0 1
4 -0.532008 -0.826735 0.182965 0.287902
4 -0.546397 0.500263 0.671705 0.526347
4 -0.646853 0.257381 -0.71787 0.327883
4 0 0 0 1
4 -0.853018 -0.491806 0.174607 0.351919
4 -0.279218 0.712741 0.643458 0.481482
4 -0.440906 0.500128 -0.745302 0.317407
4 0 0 0 1
4 -0.986039 -0.0413144 0.16131 0.409067
4 0.069758 0.777139 0.62545 0.428993
4 -0.1512 0.627971 -0.763408 0.308419
4 0 0 0 1
4 -0.984914 0.0709765 0.157822 0.421431
4 0.155068 0.766795 0.62288 0.415655
4 -0.0768071 0.637956 -0.766233 0.306531
4 0 0 0 1
4 -0.937037 0.292608 0.190637 0.421067
4 0.330766 0.918747 0.215635 0.310987
4 -0.112051 0.265114 -0.957684 0.21798
4 0 0 0 1
4 -0.641412 0.739872 0.20293 0.484903
4 0.767047 0.623673 0.150569 0.215069
4 -0.0151604 0.252233 -0.967548 0.206485
4 0 0 0 1
4 -0.155404 0.967915 0.197461 0.527396
4 0.986027 0.139846 0.0905172 0.107813
4 0.0599987 0.208769 -0.976123 0.195054
4 0 0 0 1
4 0.378619 0.908463 0.177036 0.546608
4 0.919531 -0.390993 0.0398266 -0.00604627
4 0.105401 0.147711 -0.983398 0.183689
4 0 0 0 1
4 0.802959 0.578015 0.145448 0.541651
4 0.584006 -0.811747 0.00185013 -0.121464
4 0.119136 0.083457 -0.989364 0.172395
4 0 0 0 1
4 0.991514 0.0735806 0.107176 0.512726
4 0.0762759 -0.99686 -0.0212639 -0.233317
4 0.105275 0.0292584 -0.994013 0.161176
4 0 0 0 1
4 0.887583 -0.455743 0.0670406 0.461117
4 -0.454867 -0.890097 -0.0286969 -0.336644
4 0.0727511 -0.00502362 -0.997337 0.150034
4 0 0 0 1
4 0.521101 -0.852973 0.0298419 0.389134
4 -0.852838 -0.521753 -0.0209936 -0.426866
4 0.033477 -0.0145105 -0.999334 0.138975
4 0 0 0 1
4 0 -1 9.37637e-16 0.3
4 -1 -5.55112e-17 -1.10405e-15 -0.5
4 1.09815e-15 -9.56047e-16 -1 0.128
4 0 0 0 1
5 1.66533e-16 -1 -5.32293e-16 -1.73472e-17
5 -1 -1.11022e-16 2.04359e-15 0.45
5 -2.01102e-15 5.09072e-16 -1 0.128
5 0 0 0 1
5 -0.148077 -0.956146 0.252703 0.158383
5 -0.969452 0.190857 0.154068 0.419723
5 -0.195541 -0.222169 -0.955199 0.201898
5 0 0 0 1
5 -0.599334 -0.737721 0.310752 0.259461
5 -0.689734 0.672931 0.267267 0.403202
5 -0.406283 -0.0541541 -0.912141 0.235016
5 0 0 0 1
5 -0.84166 -0.335308 0.423293 0.359712
5 -0.192213 0.918549 0.345431 0.360877
5 -0.504641 0.209373 -0.837556 0.274672
5 0 0 0 1
5 -0.815997 0.0904673 0.570933 0.451262
5 0.352959 0.860159 0.368165 0.291945
5 -0.457786 0.501938 -0.733819 0.320609
5 0 0 0 1
5 -0.767769 0.18662 0.612947 0.473109
5 0.483566 0.79638 0.363239 0.269272
5 -0.420351 0.575284 -0.701679 0.33385
5 0 0 0 1
5 -0.915821 0.341347 0.211553 0.413797
5 0.344393 0.938533 -0.0234601 0.24459
5 -0.206558 0.0513722 -0.977085 0.18262
5 0 0 0 1
5 -0.609392 0.772751 0.177477 0.466661
5 0.777406 0.626338 -0.0578031 0.159339
5 -0.155828 0.102747 -0.982426 0.1763
5 0 0 0 1
5 -0.121946 0.982735 0.139147 0.50219
5 0.987803 0.133841 -0.0795721 0.0641523
5 -0.0968219 0.127747 -0.98707 0.169825
5 0 0 0 1
5 0.405406 0.908628 0.100209 0.518493
5 0.913231 -0.397682 -0.0886489 -0.0374152
5 -0.0406976 0.127452 -0.991009 0.163201
5 0 0 0 1
5 0.818965 0.570247 0.0641368 0.514414
5 0.573834 -0.814458 -0.0858657 -0.141444
5 0.00327206 0.107125 -0.99424 0.156431
5 0 0 0 1
5 0.997323 0.0647368 0.0340077 0.489606
5 0.0670778 -0.995079 -0.0729237 -0.243804
5 0.0291195 0.0750096 -0.996758 0.149522
5 0 0 0 1
5 0.887139 -0.461338 0.0122903 0.444568
5 -0.460172 -0.88629 -0.0522558 -0.340324
5 0.0350003 0.0407025 -0.998558 0.142477
5 0 0 0 1
5 0.519228 -0.854636 0.000683078 0.380645
5 -0.854318 -0.519056 -0.0268439 -0.426966
5 0.0232963 0.0133545 -0.999639 0.135301
5 0 0 0 1
5 0 -1 9.37637e-16 0.3
5 -1 -5.55112e-17 -1.10405e-15 -0.5
5 1.09815e-15 -9.56047e-16 -1 0.128
5 0 0 0 1
6 1.66533e-16 -1 -5.32293e-16 -1.73472e-17
6 -1 -1.11022e-16 2.04359e-15 0.45
6 -2.01102e-15 5.09072e-16 -1 0.128
6 0 0 0 1
6 -0.530209 -0.847846 0.00598612 0.117233
6 -0.84699 0.529968 0.0417382 0.442649
6 -0.03856 0.0170598 -0.999111 0.135326
6 0 0 0 1
6 -0.898314 -0.438228 0.0314391 0.231349
6 -0.434892 0.897083 0.0781693 0.407063
6 -0.0624594 0.056548 -0.996444 0.143037
6 0 0 0 1
6 -0.842408 -0.384764 0.377234 0.342089
6 -0.32067 0.920595 0.222879 0.419739
6 -0.433035 0.0667877 -0.898899 0.255047
6 0 0 0 1
6 -0.872774 0.110985 0.47534 0.444296
6 0.223803 0.956406 0.187618 0.337917
6 -0.433795 0.27013 -0.859565 0.267558
6 0 0 0 1
6 -0.624911 0.532198 0.571184 0.527502
6 0.702277 0.702796 0.113508 0.23215
6 -0.341018 0.472062 -0.812936 0.28154
6 0 0 0 1
6 -0.189804 0.735701 0.650168 0.585368
6 0.968643 0.248453 0.00163907 0.107823
6 -0.16033 0.630092 -0.759788 0.296875
6 0 0 0 1
6 0.28012 0.657838 0.69913 0.613618
6 0.956174 -0.25586 -0.142362 -0.0288845
6 0.0852288 0.708368 -0.700679 0.313525
6 0 0 0 1
6 0.625325 0.330108 0.707105 0.609513
6 0.692941 -0.651613 -0.308598 -0.170755
6 0.358888 0.682957 -0.636215 0.331441
6 0 0 0 1
6 0.73312 -0.13463 0.666641 0.572121
6 0.288149 -0.826396 -0.483776 -0.309933
6 0.61604 0.546758 -0.567054 0.350561
6 0 0 0 1
6 0.573712 -0.583509 0.57478 0.502477
6 -0.10907 -0.749936 -0.652457 -0.438386
6 0.811763 0.311631 -0.49389 0.370813
6 0 0 0 1
6 0.206212 -0.877197 0.433593 0.403615
6 -0.363036 -0.480076 -0.798581 -0.548422
6 0.90867 0.00726704 -0.417451 0.392116
6 0 0 0 1
6 0.141015 -0.960501 0.239903 0.283241
6 -0.706372 -0.267401 -0.65539 -0.574611
6 0.693652 -0.0770409 -0.716178 0.270085
6 0 0 0 1
6 -0.0409728 -0.970713 0.23672 0.246938
6 -0.919693 -0.0559531 -0.388631 -0.558336
6 0.390494 -0.233633 -0.890466 0.231738
6 0 0 0 1
6 0 -1 9.37637e-16 0.3
6 -1 -5.55112e-17 -1.10405e-15 -0.5
6 1.09815e-15 -9.56047e-16 -1 0.128
6 0 0 0 1
7 1.66533e-16 -1 -5.32293e-16 -1.73472e-17
7 -1 -1.11022e-16 2.04359e-15 0.45
7 -2.01102e-15 5.09072e-16 -1 0.128
7 0 0 0 1
7 -0.528697 -0.8485 0.0229669 0.119488
7 -0.848442 0.529071 0.0151779 0.444226
7 -0.0250296 -0.0114616 -0.999621 0.129414
7 0 0 0 1
7 -0.558194 -0.791577 0.248645 0.244847
7 -0.755382 0.608808 0.242388 0.435493
7 -0.343246 -0.0525221 -0.937776 0.130639
7 0 0 0 1
7 -0.447619 -0.722712 0.526617 0.244502
7 -0.68776 0.654617 0.313787 0.509395
7 -0.57151 -0.221729 -0.790071 0.193809
7 0 0 0 1
7 -0.588164 -0.427972 0.686224 0.314637
7 -0.153885 0.892229 0.424554 0.495499
7 -0.793966 0.144108 -0.590636 0.268839
7 0 0 0 1
7 -0.527549 -0.150675 0.836056 0.378533
7 0.439985 0.793406 0.420618 0.458885
7 -0.726709 0.589749 -0.352266 0.353044
7 0 0 0 1
7 -0.327199 -0.0130482 0.944865 0.429935
7 0.870735 0.384282 0.306835 0.399161
7 -0.367098 0.923124 -0.114375 0.441235
7 0 0 0 1
7 -0.121492 -0.066759 0.990345 0.463199
7 0.97873 -0.174221 0.108323 0.319194
7 0.165308 0.982441 0.0865055 0.52788
7 0 0 0 1
7 -0.0675962 -0.139513 0.98791 0.470921
7 0.913585 -0.406615 0.00508834 0.279438
7 0.400989 0.902884 0.154943 0.563779
7 0 0 0 1
7 0.0571134 -0.00670448 0.998345 0.557153
7 0.994466 -0.0879414 -0.057482 0.175953
7 0.0881812 0.996103 0.00164475 0.488075
7 0 0 0 1
7 -0.190407 0.266928 0.944719 0.551052
7 0.971233 -0.0889694 0.220888 0.25658
7 0.143012 0.959601 -0.242309 0.407719
7 0 0 0 1
7 -0.0771359 0.640688 0.763917 0.591081
7 0.988868 0.146945 -0.0233906 0.131618
7 -0.12724 0.753609 -0.64489 0.236706
7 0 0 0 1
7 0.344052 0.474161 0.810431 0.627345
7 0.922308 -0.332452 -0.197039 0.0148384
7 0.176001 0.815259 -0.551703 0.268049
7 0 0 0 1
7 0.590954 0.0922955 0.801408 0.637747
7 0.631901 -0.670509 -0.38874 -0.109586
7 0.501472 0.736138 -0.454562 0.301003
7 0 0 0 1
7 0.574264 -0.36601 0.732296 0.620672
7 0.2453 -0.776469 -0.580451 -0.235462
7 0.781056 0.512965 -0.356116 0.335175
7 0 0 0 1
7 0.300899 -0.737639 0.604441 0.576104
7 -0.0851584 -0.652065 -0.753365 -0.356267
7 0.949846 0.175213 -0.259022 0.370157
7 0 0 0 1
7 0.532128 -0.746674 0.399145 0.517272
7 -0.360109 -0.626265 -0.691458 -0.421391
7 0.766264 0.224209 -0.602137 0.250283
7 0 0 0 1
7 0.647105 -0.736513 0.196987 0.406301
7 -0.502401 -0.606287 -0.616449 -0.533357
7 0.573453 0.29994 -0.762356 0.218184
7 0 0 0 1
7 0.322094 -0.945565 -0.0465054 0.252469
7 -0.806964 -0.248531 -0.535763 -0.580867
7 0.495041 0.210094 -0.843087 0.160985
7 0 0 0 1
7 0.26767 -0.961971 -0.0544456 0.295909
7 -0.927209 -0.241809 -0.286029 -0.555818
7 0.261986 0.127044 -0.956673 0.148377
7 0 0 0 1
7 0 -1 9.37637e-16 0.3
7 -1 -5.55112e-17 -1.10405e-15 -0.5
7 1.09815e-15 -9.56047e-16 -1 0.128
7 0 0 0 1
8 1.66533e-16 -1 -5.32293e-16 -1.73472e-17
8 -1 -1.11022e-16 2.04359e-15 0.45
8 -2.01102e-15 5.09072e-16 -1 0.128
8 0 0 0 1
8 -0.413786 -0.907731 0.0693186 0.106102
8 -0.865012 0.415763 0.280883 0.465257
8 -0.283786 0.056264 -0.957236 0.141909
8 0 0 0 1
8 -0.816871 -0.550183 0.173264 0.229636
8 -0.505662 0.827557 0.243834 0.426344
8 -0.277539 0.111568 -0.954214 0.141325
8 0 0 0 1
8 -0.836568 -0.389456 0.385329 0.26803
8 -0.0904092 0.791824 0.604021 0.507448
8 -0.540352 0.470467 -0.697624 0.294467
8 0 0 0 1
8 -0.894897 0.0574119 0.442565 0.386588
8 0.312043 0.789465 0.528559 0.456431
8 -0.319044 0.611105 -0.724404 0.25485
8 0 0 0 1
8 -0.733274 0.475861 0.485661 0.494299
8 0.676815 0.579171 0.454404 0.376413
8 -0.0650477 0.661905 -0.74676 0.214012
8 0 0 0 1
8 -0.694816 0.525751 0.49073 0.508022
8 0.718605 0.534962 0.444321 0.363076
8 -0.0289197 0.661363 -0.749508 0.208229
8 0 0 0 1
8 -0.653904 0.738038 0.166463 0.442608
8 0.755698 0.647747 0.0966671 0.240279
8 -0.0364819 0.189006 -0.981298 0.137468
8 0 0 0 1
8 -0.167186 0.973228 0.157722 0.496051
8 0.985665 0.161312 0.0494291 0.136571
8 0.0226633 0.163725 -0.986246 0.136181
8 0 0 0 1
8 0.370981 0.918406 0.137489 0.525758
8 0.926571 -0.375954 0.0111906 0.0229577
8 0.061967 0.123241 -0.99044 0.134871
8 0 0 0 1
8 0.800686 0.589013 0.109387 0.529968
8 0.593876 -0.804406 -0.0155642 -0.095154
8 0.0788242 0.0774245 -0.993877 0.133538
8 0 0 0 1
8 0.993579 0.0824122 0.077512 0.508145
8 0.0849123 -0.995951 -0.029526 -0.212062
8 0.0747648 0.0359182 -0.996554 0.132184
8 0 0 0 1
8 0.891441 -0.450788 0.0460827 0.461024
8 -0.449794 -0.892607 -0.0306308 -0.32205
8 0.0549418 0.0065778 -0.998468 0.130809
8 0 0 0 1
8 0.523921 -0.851553 0.0190965 0.390591
8 -0.851337 -0.524237 -0.0200352 -0.419667
8 0.0270721 -0.00576074 -0.999617 0.129414
8 0 0 0 1
8 0 -1 9.37637e-16 0.3
8 -1 -5.55112e-17 -1.10405e-15 -0.5
8 1.09815e-15 -9.56047e-16 -1 0.128
8 0 0 0 1
9 1.66533e-16 -1 -5.32293e-16 -1.73472e-17
9 -1 -1.11022e-16 2.04359e-15 0.45
9 -2.01102e-15 5.09072e-16 -1 0.128
9 0 0 0 1
9 -0.530758 -0.84744 0.0118859 0.121249
9 -0.84691 0.530855 0.0306042 0.443483
9 -0.032245 0.00617716 -0.999461 0.13719
9 0 0 0 1
9 -0.89891 -0.436486 0.0379551 0.2396
9 -0.434344 0.899155 0.0535341 0.406516
9 -0.0574944 0.0316368 -0.997844 0.146738
9 0 0 0 1
9 -0.977632 -0.209205 0.0216446 0.329552
9 -0.184065 0.900834 0.393215 0.347059
9 -0.101761 0.380436 -0.919192 0.24568
9 0 0 0 1
9 -0.892554 -0.237157 0.383542 0.422123
9 -0.0397156 0.888573 0.457012 0.280472
9 -0.449189 0.392675 -0.802518 0.260014
9 0 0 0 1
9 -0.911163 0.122481 0.393422 0.447276
9 0.281142 0.88282 0.376281 0.285155
9 -0.301234 0.453461 -0.838827 0.230071
9 0 0 0 1
9 -0.776169 0.488286 0.398921 0.47322
9 0.611041 0.738568 0.284864 0.287709
9 -0.155535 0.464859 -0.871616 0.195035
9 0 0 0 1
9 -0.405979 0.713936 0.570505 0.544909
9 0.906779 0.392373 0.154256 0.233559
9 -0.113722 0.579947 -0.806678 0.171422
9 0 0 0 1
9 0.0813523 0.737861 0.670032 0.612459
9 0.992236 -0.12341 0.0154302 0.0773501
9 0.094074 0.663575 -0.742171 0.1926
9 0 0 0 1
9 0.496027 0.480224 0.723424 0.634659
9 0.801438 -0.57382 -0.168606 -0.0954292
9 0.334146 0.663412 -0.6695 0.215685
9 0 0 0 1
9 0.700163 0.0349253 0.713129 0.607409
9 0.427208 -0.820772 -0.379244 -0.271272
9 0.572071 0.570187 -0.589594 0.240593
9 0 0 0 1
9 0.635653 -0.446768 0.629559 0.530751
9 0.0196725 -0.805877 -0.591756 -0.435637
9 0.771724 0.388536 -0.503469 0.267218
9 0 0 0 1
9 0.339918 -0.812844 0.473011 0.409132
9 -0.270347 -0.566186 -0.778682 -0.574266
9 0.90076 0.136811 -0.412207 0.295437
9 0 0 0 1
9 0.417271 -0.838477 0.350487 0.323203
9 -0.403887 -0.516586 -0.754992 -0.616847
9 0.8141 0.17348 -0.554207 0.336843
9 0 0 0 1
9 0.254036 -0.946814 0.197509 0.214091
9 -0.762398 -0.321684 -0.561488 -0.602034
9 0.59516 -0.00794238 -0.803568 0.267682
9 0 0 0 1
9 0.126587 -0.985813 0.110216 0.241668
9 -0.929895 -0.156617 -0.332817 -0.570032
9 0.345357 -0.0603587 -0.936528 0.245892
9 0 0 0 1
9 0 -1 9.37637e-16 0.3
9 -1 -5.55112e-17 -1.10405e-15 -0.5
9 1.09815e-15 -9.56047e-16 -1 0.128
9 0 0 0 1
10 1.66533e-16 -1 -5.32293e-16 -1.73472e-17
10 -1 -1.11022e-16 2.04359e-15 0.45
10 -2.01102e-15 5.09072e-16 -1 0.128
10 0 0 0 1
10 -0.0696805 -0.983151 0.168992 0.0104393
10 -0.938229 0.122144 0.32374 0.486388
10 -0.338927 -0.135995 -0.930932 0.121181
10 0 0 0 1
10 -0.555569 -0.795039 0.243425 0.138645
10 -0.729377 0.606556 0.316386 0.490762
10 -0.39919 -0.00177394 -0.916867 0.147141
10 0 0 0 1
10 -0.863868 -0.385434 0.324304 0.269508
10 -0.297524 0.909944 0.288933 0.460536
10 -0.406463 0.153112 -0.900747 0.174512
10 0 0 0 1
10 -0.768627 -0.189527 0.610976 0.311334
10 0.159587 0.868092 0.470051 0.49969
10 -0.619471 0.458798 -0.636993 0.294477
10 0 0 0 1
10 -0.772724 -0.169468 0.611702 0.3178
10 0.177297 0.867717 0.464364 0.49809
10 -0.609479 0.467277 -0.640459 0.293522
10 0 0 0 1
10 -0.763999 0.201525 0.612938 0.434292
10 0.501092 0.783769 0.366897 0.453401
10 -0.406463 0.587447 -0.699781 0.274483
10 0 0 0 1
10 -0.597172 0.537572 0.595317 0.543663
10 0.782364 0.554047 0.284497 0.378785
10 -0.176896 0.635649 -0.751438 0.252494
10 0 0 0 1
10 -0.278476 0.797201 0.53565 0.574449
10 0.955183 0.28817 0.0677041 0.178006
10 -0.100385 0.530498 -0.841722 0.261261
10 0 0 0 1
10 -0.164161 0.966355 0.198014 0.496442
10 0.984902 0.171751 -0.021668 0.152466
10 -0.0549481 0.191467 -0.97996 0.12295
10 0 0 0 1
10 0.370504 0.915474 0.156953 0.528948
10 0.928806 -0.366413 -0.055333 0.0358884
10 0.0068537 0.16628 -0.986055 0.12356
10 0 0 0 1
10 0.799735 0.58974 0.112384 0.534707
10 0.598489 -0.797898 -0.0719003 -0.0855537
10 0.0472681 0.124761 -0.99106 0.124262
10 0 0 0 1
10 0.993937 0.0849147 0.0698534 0.513184
10 0.0899159 -0.993353 -0.0718711 -0.205764
10 0.0632861 0.0777163 -0.994965 0.125056
10 0 0 0 1
10 0.893053 -0.448634 0.0344166 0.465221
10 -0.446394 -0.892996 -0.0573612 -0.318653
10 0.056468 0.0358632 -0.99776 0.125944
10 0 0 0 1
10 0.52542 -0.850782 0.0101916 0.393013
10 -0.850223 -0.525456 -0.031881 -0.418451
10 0.032479 0.00808578 -0.99944 0.126925
10 0 0 0 1
10 0 -1 9.37637e-16 0.3
10 -1 -5.55112e-17 -1.10405e-15 -0.5
10 1.09815e-15 -9.56047e-16 -1 0.128
10 0 0 0 1
11 1.66533e-16 -1 -5.32293e-16 -1.73472e-17
11 -1 -1.11022e-16 2.04359e-15 0.45
11 -2.01102e-15 5.09072e-16 -1 0.128
11 0 0 0 1
11 -0.184448 -0.952866 0.240885 0.0925566
11 -0.865172 0.273699 0.420197 0.513544
11 -0.466321 -0.130903 -0.874876 0.229177
11 0 0 0 1
11 -0.62117 -0.695032 0.362048 0.228354
11 -0.558393 0.716687 0.4178 0.490871
11 -0.549859 0.0573602 -0.833285 0.239862
11 0 0 0 1
11 -0.831566 -0.255996 0.492913 0.358657
11 -0.0633198 0.925359 0.373766 0.433917
11 -0.551804 0.2796 -0.785707 0.251868
11 0 0 0 1
11 -0.758165 0.206457 0.618515 0.474551
11 0.460765 0.840809 0.28414 0.344094
11 -0.46139 0.500416 -0.7326 0.265163
11 0 0 0 1
11 -0.484288 0.507083 0.712974 0.558717
11 0.819597 0.548094 0.166895 0.239421
11 -0.306147 0.665176 -0.681039 0.278059
11 0 0 0 1
11 -0.616777 0.722627 0.312084 0.478623
11 0.770832 0.634782 0.0535766 0.240054
11 -0.159389 0.273609 -0.948543 0.189596
11 0 0 0 1
11 -0.143936 0.951296 0.272614 0.526421
11 0.988091 0.153302 -0.0132557 0.129709
11 -0.0544024 0.26746 -0.962032 0.180234
11 0 0 0 1
11 0.380995 0.897926 0.220391 0.549426
11 0.924126 -0.377279 -0.0604344 0.0118483
11 0.0288834 0.226695 -0.973538 0.171051
11 0 0 0 1
11 0.802037 0.574833 0.162184 0.546653
11 0.59181 -0.801486 -0.0859092 -0.108001
11 0.0806049 0.164885 -0.983014 0.162055
11 0 0 0 1
11 0.991623 0.075274 0.104968 0.518338
11 0.0848231 -0.992351 -0.0896866 -0.224246
11 0.0974142 0.097839 -0.990423 0.153248
11 0 0 0 1
11 0.889759 -0.453064 0.0553366 0.46592
11 -0.448874 -0.890543 -0.0738003 -0.331499
11 0.0827158 0.0408253 -0.995737 0.144636
11 0 0 0 1
11 0.523468 -0.851835 0.0189399 0.391959
11 -0.850813 -0.523777 -0.0421183 -0.424831
11 0.0457981 0.00593326 -0.998933 0.13622
11 0 0 0 1
11 0 -1 9.37637e-16 0.3
11 -1 -5.55112e-17 -1.10405e-15 -0.5
11 1.09815e-15 -9.56047e-16 -1 0.128
11 0 0 0 1
12 1.66533e-16 -1 -5.32293e-16 -1.73472e-17
12 -1 -1.11022e-16 2.04359e-15 0.45
12 -2.01102e-15 5.09072e-16 -1 0.128
12 0 0 0 1
12 -0.0382813 -0.987399 0.153551 0.109135
12 -0.923825 0.0935436 0.371211 0.507837
12 -0.380897 -0.127644 -0.915765 0.265532
12 0 0 0 1
12 -0.472673 -0.846549 0.244816 0.218196
12 -0.756917 0.532276 0.379155 0.490034
12 -0.451283 -0.00608883 -0.89236 0.267466
12 0 0 0 1
12 -0.807995 -0.468475 0.357317 0.338649
12 -0.344613 0.867668 0.358322 0.442854
12 -0.477898 0.166387 -0.862513 0.270198
12 0 0 0 1
12 -0.882676 0.018104 0.469632 0.448854
12 0.180222 0.935908 0.30265 0.367713
12 -0.434053 0.35178 -0.829366 0.27349
12 0 0 0 1
12 -0.683059 0.455335 0.571052 0.542188
12 0.658524 0.722109 0.211906 0.266938
12 -0.315873 0.520796 -0.793092 0.277335
12 0 0 0 1
12 -0.28239 0.704646 0.650945 0.61258
12 0.950237 0.298518 0.0890817 0.144451
12 -0.131548 0.643708 -0.75388 0.28172
12 0 0 0 1
12 0.184272 0.690258 0.699706 0.654904
12 0.977867 -0.200524 -0.0597119 0.00564092
12 0.0990912 0.695223 -0.711931 0.28663
12 0 0 0 1
12 0.564427 0.421698 0.709642 0.665341
12 0.749053 -0.62291 -0.225615 -0.142883
12 0.346902 0.658903 -0.667462 0.292049
12 0 0 0 1
12 0.737055 -0.0115734 0.675734 0.641665
12 0.351246 -0.84765 -0.397639 -0.293609
12 0.577387 0.53043 -0.620699 0.297955
12 0 0 0 1
12 0.650096 -0.471104 0.596184 0.583467
12 -0.0791555 -0.822324 -0.563486 -0.438522
12 0.755718 0.319129 -0.571881 0.304325
12 0 0 0 1
12 0.334577 -0.815221 0.472729 0.492257
12 -0.402508 -0.577204 -0.710509 -0.56955
12 0.852083 0.0474427 -0.521252 0.311136
12 0 0 0 1
12 0.23914 -0.938229 0.250078 0.384701
12 -0.748217 -0.342208 -0.568388 -0.619988
12 0.618856 -0.0511886 -0.783834 0.221892
12 0 0 0 1
12 0.110524 -0.978412 0.174627 0.383574
12 -0.894503 -0.174507 -0.411597 -0.540865
12 0.433184 -0.110713 -0.89448 0.158303
12 0 0 0 1
12 0 -1 9.37637e-16 0.3
12 -1 -5.55112e-17 -1.10405e-15 -0.5
12 1.09815e-15 -9.56047e-16 -1 0.128
12 0 0 0 1
13 1.66533e-16 -1 -5.32293e-16 -1.73472e-17
13 -1 -1.11022e-16 2.04359e-15 0.45
13 -2.01102e-15 5.09072e-16 -1 0.128
13 0 0 0 1
13 -0.326238 -0.935349 -0.136716 0.102165
13 -0.884948 0.251358 0.392028 0.467152
13 -0.332318 0.248881 -0.909738 0.268588
13 0 0 0 1
13 -0.761813 -0.647446 -0.0213177 0.220118
13 -0.590931 0.68108 0.432356 0.443194
13 -0.265408 0.341972 -0.901451 0.267712
13 0 0 0 1
13 -0.978736 -0.176872 0.103887 0.332548
13 -0.11434 0.890897 0.439578 0.391364
13 -0.170301 0.418352 -0.892176 0.266785
13 0 0 0 1
13 -0.914573 0.3329 0.229637 0.432782
13 0.40121 0.818266 0.411668 0.313026
13 -0.0508599 0.468634 -0.881927 0.265808
13 0 0 0 1
13 -0.592278 0.727498 0.346343 0.514504
13 0.801168 0.486042 0.349132 0.211157
13 0.0856556 0.484263 -0.87072 0.264781
13 0 0 0 1
13 -0.112824 0.888513 0.444763 0.572153
13 0.96692 -0.00488174 0.255033 0.090248
13 0.228772 0.458825 -0.858571 0.263708
13 0 0 0 1
13 0.375889 0.769258 0.516672 0.601282
13 0.851539 -0.506657 0.134836 -0.043892
13 0.365499 0.389282 -0.8455 0.262587
13 0 0 0 1
13 0.724292 0.408479 0.555469 0.59887
13 0.493507 -0.869733 -0.00391576 -0.184416
13 0.481511 0.276964 -0.831528 0.261421
13 0 0 0 1
13 0.826653 -0.0820646 0.556696 0.563567
13 0.00429698 -0.988359 -0.152078 -0.323797
13 0.562695 0.128108 -0.816678 0.260209
13 0 0 0 1
13 0.684064 -0.506957 0.524453 0.504685
13 -0.420844 -0.861564 -0.283899 -0.440783
13 0.595774 -0.0265079 -0.802714 0.259092
13 0 0 0 1
13 0.888403 -0.452157 0.0793316 0.461377
13 -0.453683 -0.891162 0.00136621 -0.326561
13 0.0700796 -0.0372052 -0.996847 0.1542
13 0 0 0 1
13 0.521915 -0.852108 0.0389465 0.390367
13 -0.852572 -0.522553 -0.0077323 -0.421994
13 0.0269403 -0.029169 -0.999211 0.141099
13 0 0 0 1
13 0 -1 9.37637e-16 0.3
13 -1 -5.55112e-17 -1.10405e-15 -0.5
13 1.09815e-15 -9.56047e-16 -1 0.128
13 0 0 0 1
14 1.66533e-16 -1 -5.32293e-16 -1.73472e-17
14 -1 -1.11022e-16 2.04359e-15 0.45
14 -2.01102e-15 5.09072e-16 -1 0.128
14 0 0 0 1
14 -0.526945 -0.849899 -0.000620061 0.112635
14 -0.84916 0.526456 0.0420787 0.450387
14 -0.0354362 0.0226997 -0.999114 0.131155
14 0 0 0 1
14 -0.895179 -0.445338 0.0181238 0.225842
14 -0.442574 0.892964 0.0821156 0.424297
14 -0.0527531 0.0654871 -0.996458 0.134667
14 0 0 0 1
14 -0.99556 -0.0227225 0.0913408 0.296119
14 0.0114299 0.934057 0.35694 0.437007
14 -0.0934281 0.3564 -0.929651 0.206259
14 0 0 0 1
14 -0.986644 0.146681 0.0708419 0.237258
14 0.158865 0.770377 0.61748 0.508133
14 0.0359977 0.620487 -0.78339 0.310785
14 0 0 0 1
14 -0.872679 0.450859 0.187504 0.358563
14 0.480178 0.722651 0.497197 0.431137
14 0.0886657 0.523928 -0.847135 0.265341
14 0 0 0 1
14 -0.509932 0.820539 0.258234 0.491011
14 0.85166 0.439343 0.285749 0.265261
14 0.121015 0.36564 -0.922856 0.200898
14 0 0 0 1
14 0.00320447 0.944244 0.32923 0.558743
14 0.973118 -0.078762 0.216421 0.141189
14 0.230285 0.319686 -0.919113 0.197861
14 0 0 0 1
14 0.501843 0.776319 0.381422 0.595455
14 0.802459 -0.582449 0.129667 0.00218814
14 0.322822 0.241003 -0.915261 0.194681
14 0 0 0 1
14 0.83365 0.369366 0.410604 0.597896
14 0.392258 -0.919346 0.0306128 -0.143944
14 0.388794 0.135542 -0.9113 0.19136
14 0 0 0 1
14 0.897614 -0.151402 0.413963 0.564782
14 -0.132299 -0.988397 -0.0746254 -0.288714
14 0.420459 0.0122181 -0.907229 0.187901
14 0 0 0 1
14 0.67461 -0.626543 0.390314 0.496947
14 -0.611788 -0.77043 -0.179314 -0.423435
14 0.413058 -0.117823 -0.903051 0.184306
14 0 0 0 1
14 0.232925 -0.911041 0.340222 0.39735
14 -0.901214 -0.333682 -0.276533 -0.539754
14 0.365458 -0.242201 -0.898765 0.180577
14 0 0 0 1
14 0 -1 9.37637e-16 0.3
14 -1 -5.55112e-17 -1.10405e-15 -0.5
14 1.09815e-15 -9.56047e-16 -1 0.128
14 0 0 0 1
15 1.66533e-16 -1 -5.32293e-16 -1.73472e-17
15 -1 -1.11022e-16 2.04359e-15 0.45
15 -2.01102e-15 5.09072e-16 -1 0.128
15 0 0 0 1
15 -0.1126 -0.984968 0.130994 -0.0215441
15 -0.927439 0.151496 0.341914 0.460429
15 -0.35662 -0.0829893 -0.930556 0.229488
15 0 0 0 1
15 -0.595775 -0.776127 0.206587 0.0846028
15 -0.702774 0.628292 0.333704 0.464601
15 -0.388794 0.0536288 -0.919763 0.226149
15 0 0 0 1
15 -0.892923 -0.34911 0.284273 0.191895
15 -0.260041 0.915377 0.307349 0.445913
15 -0.367516 0.200516 -0.908144 0.222819
15 0 0 0 1
15 -0.91864 0.163998 0.359452 0.295332
15 0.267927 0.927216 0.261696 0.404079
15 -0.290372 0.336711 -0.895717 0.2195
15 0 0 0 1
15 -0.718333 0.151347 0.679038 0.412822
15 0.4667 0.828677 0.309008 0.401482
15 -0.515935 0.538877 -0.665899 0.258629
15 0 0 0 1
15 -0.70296 0.36315 0.61153 0.437717
15 0.594264 0.772305 0.224489 0.353803
15 -0.390764 0.521217 -0.758707 0.237816
15 0 0 0 1
15 -0.531918 0.726254 0.435452 0.466115
15 0.827707 0.554487 0.0862875 0.263228
15 -0.178786 0.406324 -0.896067 0.206577
15 0 0 0 1
15 -0.185126 0.961708 0.202104 0.474416
15 0.981881 0.189484 -0.00225554 0.173645
15 -0.0404646 0.198025 -0.979361 0.185264
15 0 0 0 1
15 0.353989 0.92083 0.163597 0.515381
15 0.935056 -0.352018 -0.0418768 0.0576354
15 0.0190278 0.167796 -0.985638 0.176074
15 0 0 0 1
15 0.791017 0.600022 0.119438 0.528408
15 0.609211 -0.790441 -0.0637515 -0.0659038
15 0.0561561 0.123191 -0.990793 0.166733
15 0 0 0 1
15 0.992614 0.0947451 0.0757741 0.512214
15 0.0999306 -0.992679 -0.067846 -0.190224
15 0.0687912 0.074917 -0.994814 0.157248
15 0 0 0 1
15 0.89586 -0.442679 0.03835 0.467151
15 -0.440381 -0.896062 -0.0560171 -0.308393
15 0.0591615 0.0332949 -0.997693 0.147626
15 0 0 0 1
15 0.528225 -0.84902 0.0119609 0.395222
15 -0.848451 -0.528319 -0.0317921 -0.413689
15 0.0333114 0.00664513 -0.999423 0.137875
15 0 0 0 1
15 0 -1 9.37637e-16 0.3
15 -1 -5.55112e-17 -1.10405e-15 -0.5
15 1.09815e-15 -9.56047e-16 -1 0.128
15 0 0 0 1
16 1.66533e-16 -1 -5.32293e-16 -1.73472e-17
16 -1 -1.11022e-16 2.04359e-15 0.45
16 -2.01102e-15 5.09072e-16 -1 0.128
16 0 0 0 1
16 -0.363972 -0.916986 0.163279 0.115679
16 -0.87216 0.397067 0.285789 0.478573
16 -0.326897 -0.0383862 -0.94428 0.138356
16 0 0 0 1
16 -0.752837 -0.59942 0.271904 0.224232
16 -0.528656 0.796756 0.292751 0.473672
16 -0.392122 0.0766502 -0.916714 0.154632
16 0 0 0 1
16 -0.900507 -0.346832 0.262287 0.283073
16 -0.19559 0.861784 0.468053 0.383155
16 -0.38837 0.370184 -0.843879 0.262598
16 0 0 0 1
16 -0.91869 0.168514 0.357228 0.379524
16 0.29402 0.895685 0.333617 0.315756
16 -0.263745 0.411522 -0.872404 0.247991
16 0 0 0 1
16 -0.667269 0.625367 0.404559 0.459591
16 0.728928 0.659897 0.182207 0.22593
16 -0.153022 0.416476 -0.896177 0.232873
16 0 0 0 1
16 -0.216043 0.889632 0.402343 0.518012
16 0.974259 0.223588 0.0287571 0.117841
16 -0.064376 0.3982 -0.915037 0.217282
16 0 0 0 1
16 0.304694 0.884603 0.353041 0.550619
16 0.95245 -0.283327 -0.112094 -0.00311484
16 0.000867168 0.370409 -0.928868 0.201256
16 0 0 0 1
16 0.744174 0.613955 0.263181 0.554627
16 0.666302 -0.710211 -0.227248 -0.130601
16 0.0473944 0.34447 -0.9376 0.184829
16 0 0 0 1
16 0.976796 0.159715 0.142691 0.528836
16 0.197016 -0.931352 -0.306216 -0.257705
16 0.0839881 0.327223 -0.941207 0.168032
16 0 0 0 1
16 0.939142 -0.343507 0.00395863 0.473745
16 -0.321531 -0.883002 -0.341944 -0.377335
16 0.120955 0.319861 -0.939712 0.150894
16 0 0 0 1
16 0.647296 -0.749405 -0.139281 0.391555
16 -0.743628 -0.580729 -0.331318 -0.482644
16 0.167407 0.318034 -0.933182 0.133442
16 0 0 0 1
16 0.5029 -0.843887 -0.186939 0.35776
16 -0.843947 -0.432702 -0.317053 -0.51433
16 0.186668 0.317213 -0.929802 0.127387
16 0 0 0 1
16 0.523624 -0.851826 0.0145125 0.390344
16 -0.851373 -0.52382 -0.0278811 -0.42183
16 0.0313518 0.00224367 -0.999506 0.12872
16 0 0 0 1
16 0 -1 9.37637e-16 0.3
16 -1 -5.55112e-17 -1.10405e-15 -0.5
16 1.09815e-15 -9.56047e-16 -1 0.128
16 0 0 0 1
17 1.66533e-16 -1 -5.32293e-16 -1.73472e-17
17 -1 -1.11022e-16 2.04359e-15 0.45
17 -2.01102e-15 5.09072e-16 -1 0.128
17 0 0 0 1
17 -0.525642 -0.850577 0.0148049 0.113275
17 -0.849828 0.52581 0.0362745 0.44908
17 -0.0386388 0.00648579 -0.999232 0.138566
17 0 0 0 1
17 -0.8933 -0.447177 0.0452505 0.226308
17 -0.444131 0.893681 0.0638906 0.421152
17 -0.0690099 0.0369763 -0.99693 0.149648
17 0 0 0 1
17 -0.917484 -0.348636 0.191508 0.198941
17 -0.229535 0.85724 0.460926 0.487845
17 -0.324864 0.378935 -0.866529 0.216602
17 0 0 0 1
17 -0.964544 0.0147258 0.263511 0.288697
17 0.129226 0.89692 0.422889 0.443025
17 -0.230121 0.441948 -0.867022 0.228871
17 0 0 0 1
17 -0.791933 0.498418 0.352736 0.398952
17 0.605693 0.714376 0.350433 0.35365
17 -0.077324 0.491169 -0.867626 0.246348
17 0 0 0 1
17 -0.392417 0.816774 0.422952 0.482928
17 0.916042 0.305592 0.259771 0.239369
17 0.0829233 0.48938 -0.868119 0.263919
17 0 0 0 1
17 0.112578 0.875136 0.470598 0.535098
17 0.965668 -0.207949 0.155698 0.107801
17 0.234117 0.436914 -0.868502 0.281555
17 0 0 0 1
17 0.569948 0.657141 0.493279 0.552125
17 0.738269 -0.673091 0.0436695 -0.0322492
17 0.360719 0.339283 -0.868774 0.299228
17 0 0 0 1
17 0.840994 0.229664 0.489881 0.5331
17 0.30078 -0.951086 -0.0704757 -0.171411
17 0.449733 0.206616 -0.868936 0.316909
17 0 0 0 1
17 0.843167 -0.277307 0.460619 0.47961
17 -0.216742 -0.95934 -0.180805 -0.300423
17 0.492029 0.0526133 -0.868988 0.33457
17 0 0 0 1
17 0.574918 -0.709787 0.407027 0.395613
17 -0.660245 -0.696265 -0.281587 -0.410788
17 0.483266 -0.106848 -0.868929 0.352183
17 0 0 0 1
17 0.273755 -0.940107 0.20312 0.377727
17 -0.875499 -0.331005 -0.352047 -0.514194
17 0.398196 -0.0814564 -0.913677 0.264611
17 0 0 0 1
17 0 -1 9.37637e-16 0.3
17 -1 -5.55112e-17 -1.10405e-15 -0.5
17 1.09815e-15 -9.56047e-16 -1 0.128
17 0 0 0 1
18 1.66533e-16 -1 -5.32293e-16 -1.73472e-17
18 -1 -1.11022e-16 2.04359e-15 0.45
18 -2.01102e-15 5.09072e-16 -1 0.128
18 0 0 0 1
18 -0.44002 -0.887194 0.138812 0.1301
18 -0.863056 0.460515 0.20751 0.497542
18 -0.248027 -0.0284941 -0.968334 0.18007
18 0 0 0 1
18 -0.835833 -0.513798 0.193378 0.254519
18 -0.493008 0.85746 0.147326 0.446046
18 -0.24151 0.0278024 -0.97 0.177573
18 0 0 0 1
18 -0.794552 -0.498004 0.34739 0.337208
18 -0.241622 0.784191 0.571544 0.528908
18 -0.557051 0.370184 -0.743409 0.266133
18 0 0 0 1
18 -0.901822 -0.0223839 0.431527 0.438679
18 0.19883 0.865158 0.460401 0.434729
18 -0.383644 0.501 -0.775768 0.248293
18 0 0 0 1
18 -0.753127 0.444737 0.484777 0.515832
18 0.630546 0.698161 0.33909 0.322896
18 -0.187646 0.561052 -0.806232 0.230923
18 0 0 0 1
18 -0.385576 0.771102 0.506687 0.565752
18 0.922666 0.319645 0.215674 0.199508
18 0.00434671 0.550662 -0.834717 0.214071
18 0 0 0 1
18 0.098796 0.861044 0.498841 0.587026
18 0.980698 -0.169248 0.0979081 0.0710919
18 0.168731 0.479539 -0.861146 0.197781
18 0 0 0 1
18 0.560929 0.685145 0.464688 0.579791
18 0.776149 -0.630508 -0.00726301 -0.0557636
18 0.288013 0.364741 -0.885445 0.182099
18 0 0 0 1
18 0.864736 0.291096 0.40926 0.545687
18 0.357357 -0.92921 -0.0941467 -0.174771
18 0.352883 0.227664 -0.907547 0.167065
18 0 0 0 1
18 0.927267 0.0296719 0.373223 0.517594
18 0.0845045 -0.987718 -0.131425 -0.232888
18 0.364739 0.153405 -0.918386 0.159349
18 0 0 0 1
18 0.994474 0.0888354 0.0559393 0.517475
18 0.0914227 -0.994771 -0.0455252 -0.216608
18 0.0516025 0.0503877 -0.997396 0.142417
18 0 0 0 1
18 0.89403 -0.44702 0.0297062 0.466403
18 -0.445891 -0.894287 -0.0378434 -0.326375
18 0.0434826 0.0205874 -0.998842 0.13757
18 0 0 0 1
18 0.525957 -0.850449 0.01032 0.392728
18 -0.850175 -0.526051 -0.0217381 -0.422365
18 0.023916 0.00265954 -0.99971 0.132765
18 0 0 0 1
18 0 -1 9.37637e-16 0.3
18 -1 -5.55112e-17 -1.10405e-15 -0.5
18 1.09815e-15 -9.56047e-16 -1 0.128
18 0 0 0 1
19 1.66533e-16 -1 -5.32293e-16 -1.73472e-17
19 -1 -1.11022e-16 2.04359e-15 0.45
19 -2.01102e-15 5.09072e-16 -1 0.128
19 0 0 0 1
19 0.177309 -0.982597 0.0553685 -0.0505265
19 -0.855178 -0.125984 0.50279 0.494788
19 -0.487065 -0.136499 -0.862633 0.265037
19 0 0 0 1
19 0.105511 -0.992061 0.0684253 -0.0339915
19 -0.864041 -0.0573998 0.500138 0.496744
19 -0.49224 -0.111893 -0.863238 0.264486
19 0 0 0 1
19 -0.404849 -0.900405 0.159276 0.0873189
19 -0.770087 0.429667 0.471542 0.495447
19 -0.493014 0.0682473 -0.86734 0.260455
19 0 0 0 1
19 -0.793307 -0.55878 0.24172 0.206809
19 -0.429737 0.795171 0.427819 0.466681
19 -0.431265 0.235516 -0.870944 0.256367
19 0 0 0 1
19 -0.947138 -0.0676156 0.313622 0.318235
19 0.0566975 0.926877 0.371058 0.41119
19 -0.315778 0.369224 -0.874047 0.252222
19 0 0 0 1
19 -0.82293 0.428289 0.373303 0.4156
19 0.544597 0.781844 0.303534 0.331142
19 -0.161864 0.453087 -0.876648 0.248023
19 0 0 0 1
19 -0.459684 0.782751 0.419513 0.493471
19 0.88802 0.39951 0.227624 0.230059
19 0.0105736 0.477171 -0.878747 0.243771
19 0 0 0 1
19 0.0326542 0.891726 0.451396 0.547294
19 0.983213 -0.109778 0.14574 0.112669
19 0.179513 0.439059 -0.880342 0.239465
19 0 0 0 1
19 0.50585 0.724344 0.468446 0.573659
19 0.799653 -0.597429 0.0602842 -0.0153131
19 0.32353 0.344099 -0.881433 0.235109
19 0 0 0 1
19 0.817509 0.332165 0.470474 0.570513
19 0.389286 -0.92074 -0.0263707 -0.147459
19 0.424425 0.204707 -0.88202 0.230703
19 0 0 0 1
19 0.873512 -0.166139 0.457575 0.537315
19 -0.128792 -0.985338 -0.111897 -0.276952
19 0.469457 0.0388114 -0.882102 0.226248
19 0 0 0 1
19 0.656079 -0.620131 0.430114 0.475099
19 -0.60369 -0.773251 -0.194015 -0.396945
19 0.4529 -0.132366 -0.88168 0.221745
19 0 0 0 1
19 0.229075 -0.892424 0.388722 0.386466
19 -0.897544 -0.348209 -0.27049 -0.500923
19 0.376748 -0.286933 -0.880755 0.217196
19 0 0 0 1
19 0 -1 9.37637e-16 0.3
19 -1 -5.55112e-17 -1.10405e-15 -0.5
19 1.09815e-15 -9.56047e-16 -1 0.128
19 0 0 0 1
20 1.66533e-16 -1 -5.32293e-16 -1.73472e-17
20 -1 -1.11022e-16 2.04359e-15 0.45
20 -2.01102e-15 5.09072e-16 -1 0.128
20 0 0 0 1
20 0.1855 -0.96968 -0.159096 -0.0173761
20 -0.870608 -0.23726 0.430987 0.492507
20 -0.455666 0.058562 -0.888222 0.31569
20 0 0 0 1
20 -0.140731 -0.985124 -0.0986145 0.0485951
20 -0.879991 0.078823 0.468404 0.50517
20 -0.453663 0.152699 -0.877994 0.307043
20 0 0 0 1
