0 1.66533e-16 -1 -5.32293e-16 -1.73472e-17
0 -1 -1.11022e-16 2.04359e-15 0.45
0 -2.01102e-15 5.09072e-16 -1 0.128
0 0 0 0 1
0 -0.325385 -0.916797 0.231533 0.152263
0 -0.871059 0.385894 0.303878 0.491219
0 -0.367942 -0.102801 -0.924149 0.17746
0 0 0 0 1
0 -0.73583 -0.610941 0.29207 0.283394
0 -0.537798 0.789332 0.296189 0.463537
0 -0.411494 0.0608701 -0.909377 0.192852
0 0 0 0 1
0 -0.874591 -0.432156 0.219845 0.225012
0 -0.262283 0.803029 0.535119 0.479665
0 -0.407797 0.410349 -0.815669 0.287621
0 0 0 0 1
0 -0.961535 -0.0673292 0.266302 0.307041
0 0.0518088 0.907638 0.416544 0.395371
0 -0.269751 0.414319 -0.869238 0.28393
0 0 0 0 1
0 -0.858277 0.437764 0.267814 0.379454
0 0.502069 0.824315 0.261595 0.26641
0 -0.106246 0.358982 -0.927278 0.280986
0 0 0 0 1
0 -0.621486 0.742283 0.250542 0.483482
0 0.771109 0.636075 0.0282844 0.217585
0 -0.138368 0.210774 -0.967692 0.15867
0 0 0 0 1
0 -0.141034 0.966204 0.215777 0.526148
0 0.988572 0.149164 -0.0217854 0.109906
0 -0.0532354 0.210239 -0.9762 0.153968
0 0 0 0 1
0 0.38735 0.905669 0.172407 0.545488
0 0.921803 -0.383595 -0.0559767 -0.00425696
0 0.0154381 0.180608 -0.983434 0.149371
0 0 0 0 1
0 0.807604 0.576194 0.125604 0.540681
0 0.586754 -0.806452 -0.0731786 -0.119904
0 0.0591281 0.132798 -0.989378 0.144881
0 0 0 0 1
0 0.994057 0.0732136 0.0805596 0.511962
0 0.0791969 -0.994126 -0.0737673 -0.23198
0 0.0746856 0.079709 -0.994016 0.140498
0 0 0 0 1
0 0.889314 -0.455356 0.0420852 0.460616
0 -0.452717 -0.889664 -0.0595488 -0.335597
0 0.0645576 0.0339049 -0.997338 0.136223
0 0 0 0 1
0 0.522195 -0.852707 0.0142367 0.388911
0 -0.852062 -0.522361 -0.0335974 -0.426247
0 0.0360854 0.00541386 -0.999334 0.132057
0 0 0 0 1
0 0 -1 9.37637e-16 0.3
0 -1 -5.55112e-17 -1.10405e-15 -0.5
0 1.09815e-15 -9.56047e-16 -1 0.128
0 0 0 0 1
1 1.66533e-16 -1 -5.32293e-16 -1.73472e-17
1 -1 -1.11022e-16 2.04359e-15 0.45
1 -2.01102e-15 5.09072e-16 -1 0.128
1 0 0 0 1
1 -0.203047 -0.94712 0.248465 0.154559
1 -0.949792 0.252199 0.185177 0.446371
1 -0.238047 -0.198391 -0.950776 0.131846
1 0 0 0 1
1 -0.65097 -0.715231 0.254329 0.230594
1 -0.693272 0.69663 0.184613 0.425336
1 -0.309214 -0.0561422 -0.949334 0.12891
1 0 0 0 1
1 -0.727822 -0.558275 0.398252 0.241649
1 -0.256848 0.760388 0.596522 0.498078
1 -0.63585 0.331871 -0.696819 0.256055
1 0 0 0 1
1 -0.743642 -0.274402 0.609672 0.364294
1 0.26125 0.720131 0.642775 0.512126
1 -0.615422 0.637271 -0.463833 0.28645
1 0 0 0 1
1 -0.588077 -0.0933273 0.803403 0.492725
1 0.693957 0.451992 0.56047 0.489232
1 -0.415439 0.887126 -0.201041 0.327162
1 0 0 0 1
1 -0.36022 -0.0890086 0.928612 0.614483
1 0.929199 0.0539597 0.36562 0.427203
1 -0.0826509 0.994568 0.0632694 0.374677
1 0 0 0 1
1 -0.242225 -0.172912 0.954688 0.679606
1 0.95906 -0.191487 0.208652 0.371706
1 0.146732 0.966144 0.212216 0.405016
1 0 0 0 1
1 -0.149829 0.177038 0.972733 0.670889
1 0.987049 -0.0302562 0.157541 0.295313
1 0.057322 0.983739 -0.170212 0.307323
1 0 0 0 1
1 -0.251871 0.421394 0.871199 0.629314
1 0.935286 -0.125256 0.330985 0.287896
1 0.248598 0.898186 -0.362575 0.211554
1 0 0 0 1
1 -0.0391962 0.700904 0.712177 0.563254
1 0.977326 -0.121526 0.173392 0.20826
1 0.208079 0.702826 -0.680249 0.160858
1 0 0 0 1
1 -0.164137 0.918401 0.359999 0.503952
1 0.979043 0.107067 0.17324 0.205577
1 0.12056 0.380889 -0.916727 0.120523
1 0 0 0 1
1 -0.125366 0.979862 0.155416 0.510851
1 0.988141 0.137322 -0.0686969 0.0790547
1 -0.0886555 0.144961 -0.985458 0.129673
1 0 0 0 1
1 0.402186 0.90829 0.115135 0.52784
1 0.915072 -0.394683 -0.08288 -0.0267298
1 -0.0298373 0.13869 -0.989886 0.12932
1 0 0 0 1
1 0.816999 0.571535 0.0765508 0.523274
1 0.576464 -0.812791 -0.0840178 -0.134561
1 0.0142007 0.112771 -0.993519 0.128994
1 0 0 0 1
1 0.996855 0.066441 0.0432024 0.497015
1 0.0694982 -0.994863 -0.0736042 -0.240044
1 0.0380901 0.0763752 -0.996351 0.128698
1 0 0 0 1
1 0.887654 -0.460157 0.018043 0.449821
1 -0.458695 -0.886951 -0.0540114 -0.338816
1 0.040857 0.0396672 -0.998377 0.128433
1 0 0 0 1
1 0.51984 -0.854257 0.00323548 0.38333
1 -0.853872 -0.519713 -0.0283027 -0.426723
1 0.0258593 0.0119502 -0.999594 0.1282
1 0 0 0 1
1 0 -1 9.37637e-16 0.3
1 -1 -5.55112e-17 -1.10405e-15 -0.5
1 1.09815e-15 -9.56047e-16 -1 0.128
1 0 0 0 1
2 1.66533e-16 -1 -5.32293e-16 -1.73472e-17
2 -1 -1.11022e-16 2.04359e-15 0.45
2 -2.01102e-15 5.09072e-16 -1 0.128
2 0 0 0 1
2 -0.358161 -0.920406 0.15676 0.161475
2 -0.876598 0.389294 0.282887 0.492529
2 -0.321397 -0.0360968 -0.946256 0.139185
2 0 0 0 1
2 -0.783004 -0.590961 0.194086 0.279875
2 -0.544924 0.802171 0.244087 0.43822
2 -0.299936 0.0853591 -0.950133 0.136298
2 0 0 0 1
2 -0.783239 -0.498207 0.371922 0.359256
2 -0.25071 0.800516 0.544352 0.410374
2 -0.56893 0.333113 -0.751901 0.362488
2 0 0 0 1
2 -0.874026 -0.179118 0.451658 0.432593
2 0.00413736 0.926792 0.375553 0.350383
2 -0.485861 0.330112 -0.809299 0.306774
2 0 0 0 1
2 -0.80702 0.340654 0.482362 0.51732
2 0.432353 0.89723 0.0897111 0.226426
2 -0.40223 0.28095 -0.871366 0.223144
2 0 0 0 1
2 -0.515012 0.75755 0.4011 0.556617
2 0.765321 0.617122 -0.182878 0.0792357
2 -0.386067 0.212786 -0.897594 0.145584
2 0 0 0 1
2 -0.630477 0.748639 0.205032 0.486378
2 0.771316 0.633861 0.0573726 0.216237
2 -0.0870106 0.194317 -0.977072 0.13399
2 0 0 0 1
2 -0.145039 0.972437 0.182567 0.528218
2 0.989304 0.145428 0.0113251 0.108202
2 -0.0155375 0.182257 -0.983128 0.132843
2 0 0 0 1
2 0.38673 0.90974 0.151038 0.54678
2 0.921412 -0.387925 -0.0226847 -0.00603065
2 0.0379541 0.147941 -0.988268 0.131793
2 0 0 0 1
2 0.808222 0.577634 0.114527 0.541318
2 0.584958 -0.809915 -0.0431407 -0.121511
2 0.0678373 0.10186 -0.992483 0.130842
2 0 0 0 1
2 0.994341 0.072881 0.0772949 0.512125
2 0.0768526 -0.995802 -0.0497137 -0.233249
2 0.0733473 0.0553727 -0.995768 0.129988
2 0 0 0 1
2 0.888853 -0.456127 0.0434653 0.460514
2 -0.454456 -0.889718 -0.0432579 -0.336435
2 0.058403 0.0186969 -0.998118 0.12923
2 0 0 0 1
2 0.521565 -0.853048 0.0167147 0.388761
2 -0.85266 -0.521832 -0.0257245 -0.426638
2 0.0306665 -0.000834937 -0.999529 0.128568
2 0 0 0 1
2 0 -1 9.37637e-16 0.3
2 -1 -5.55112e-17 -1.10405e-15 -0.5
2 1.09815e-15 -9.56047e-16 -1 0.128
2 0 0 0 1
3 1.66533e-16 -1 -5.32293e-16 -1.73472e-17
3 -1 -1.11022e-16 2.04359e-15 0.45
3 -2.01102e-15 5.09072e-16 -1 0.128
3 0 0 0 1
3 -0.530027 -0.847921 -0.0100507 0.117969
3 -0.847712 0.529523 0.0314667 0.446805
3 -0.0213592 0.0251983 -0.999454 0.132687
3 0 0 0 1
3 -0.898693 -0.438558 -0.00417702 0.234882
3 -0.437856 0.896627 0.0658937 0.414648
3 -0.025153 0.0610472 -0.997818 0.137639
3 0 0 0 1
3 -0.92404 -0.376157 0.0682375 0.191182
3 -0.272466 0.773201 0.572645 0.498665
3 -0.268166 0.510554 -0.816959 0.303094
3 0 0 0 1
3 -0.971761 0.0568908 0.229006 0.301603
3 0.176896 0.817932 0.547444 0.452303
3 -0.156166 0.572495 -0.804898 0.305302
3 0 0 0 1
3 -0.763914 0.505992 0.400509 0.414606
3 0.64529 0.60469 0.466852 0.371263
3 -0.0059603 0.615079 -0.788443 0.308255
3 0 0 0 1
3 -0.345316 0.765477 0.542957 0.506236
3 0.924598 0.178323 0.336631 0.264381
3 0.160862 0.618261 -0.769335 0.311636
3 0 0 0 1
3 0.146115 0.752067 0.642687 0.570603
3 0.931379 -0.323554 0.166871 0.137319
3 0.333442 0.574203 -0.747735 0.31542
3 0 0 0 1
3 0.549938 0.471487 0.689397 0.603323
3 0.671113 -0.740799 -0.0287113 -0.00292245
3 0.497167 0.478453 -0.723815 0.319581
3 0 0 0 1
3 0.735731 0.0159957 0.677085 0.601819
3 0.235722 -0.943264 -0.233855 -0.148411
3 0.634929 0.331658 -0.697759 0.324093
3 0 0 0 1
3 0.645496 -0.466636 0.604637 0.565517
3 -0.227439 -0.87318 -0.431079 -0.290749
3 0.729114 0.140742 -0.669765 0.328925
3 0 0 0 1
3 0.311817 -0.822297 0.476023 0.495912
3 -0.564748 -0.563298 -0.603122 -0.421582
3 0.764088 -0.0807692 -0.640036 0.334046
3 0 0 0 1
3 -0.154192 -0.941374 0.300065 0.396511
3 -0.667146 -0.124815 -0.734396 -0.533113
3 0.728794 -0.313425 -0.608788 0.339426
3 0 0 0 1
3 0.0304723 -0.981303 0.190043 0.427936
3 -0.913347 -0.104574 -0.393526 -0.507066
3 0.406041 -0.161583 -0.899456 0.197093
3 0 0 0 1
3 0 -1 9.37637e-16 0.3
3 -1 -5.55112e-17 -1.10405e-15 -0.5
3 1.09815e-15 -9.56047e-16 -1 0.128
3 0 0 0 1
4 1.66533e-16 -1 -5.32293e-16 -1.73472e-17
4 -1 -1.11022e-16 2.04359e-15 0.45
4 -2.01102e-15 5.09072e-16 -1 0.128
4 0 0 0 1
4 -0.527126 -0.849787 -0.000222187 0.110755
4 -0.849528 0.526958 0.0248574 0.446215
4 -0.0210064 0.0132917 -0.999691 0.127754
4 0 0 0 1
4 -0.548168 -0.836365 -0.00234142 0.178482
4 -0.681682 0.44516 0.580639 0.494939
4 -0.484584 0.319884 -0.814158 0.268204
4 0 0 0 1
4 -0.739399 -0.670688 0.0588843 0.234652
4 -0.53057 0.634293 0.562289 0.47463
4 -0.41447 0.384513 -0.824842 0.261181
4 0 0 0 1
4 -0.963318 -0.207301 0.170423 0.341151
4 -0.0950354 0.857419 0.505768 0.415199
4 -0.250971 0.471019 -0.845668 0.246829
4 0 0 0 1
4 -0.914302 0.310137 0.260513 0.433102
4 0.397331 0.811613 0.428267 0.333565
4 -0.0786142 0.495076 -0.865286 0.232375
4 0 0 0 1
4 -0.601962 0.729148 0.325554 0.505855
4 0.794441 0.505673 0.33639 0.233296
4 0.080654 0.461127 -0.883661 0.217828
4 0 0 0 1
4 -0.115771 0.924258 0.363792 0.555639
4 0.971039 0.0282502 0.237244 0.118936
4 0.208998 0.380722 -0.900761 0.2032
4 0 0 0 1
4 0.400972 0.835662 0.375354 0.579763
4 0.867371 -0.478156 0.137963 -0.00421356
4 0.294768 0.270252 -0.916556 0.188502
4 0 0 0 1
4 0.793985 0.488294 0.362156 0.576768
4 0.508271 -0.860009 0.045222 -0.130354
4 0.333539 0.148168 -0.93102 0.173745
4 0 0 0 1
4 0.944666 -0.014755 0.327701 0.546511
4 -0.003404 -0.999375 -0.0351848 -0.253473
4 0.328015 0.0321224 -0.944126 0.15894
4 0 0 0 1
4 0.806352 -0.52268 0.27677 0.49019
4 -0.517195 -0.850157 -0.098707 -0.367647
4 0.28689 -0.0635517 -0.955853 0.144098
4 0 0 0 1
4 0.418994 -0.882156 0.215047 0.410292
4 -0.880205 -0.452758 -0.142303 -0.467341
4 0.222898 -0.129661 -0.96618 0.12923
4 0 0 0 1
4 0 -1 9.37637e-16 0.3
4 -1 -5.55112e-17 -1.10405e-15 -0.5
4 1.09815e-15 -9.56047e-16 -1 0.128
4 0 0 0 1
5 1.66533e-16 -1 -5.32293e-16 -1.73472e-17
5 -1 -1.11022e-16 2.04359e-15 0.45
5 -2.01102e-15 5.09072e-16 -1 0.128
5 0 0 0 1
5 -0.525208 -0.850942 0.00740573 0.111922
5 -0.850484 0.525181 0.0293512 0.450865
5 -0.0288655 0.00911704 -0.999542 0.132707
5 0 0 0 1
5 -0.893402 -0.448404 0.0276833 0.224508
5 -0.446594 0.893117 0.0538096 0.425417
5 -0.0488529 0.0357104 -0.998167 0.137635
5 0 0 0 1
5 -0.984928 -0.081691 0.152457 0.356783
5 -0.0165463 0.921896 0.387084 0.382091
5 -0.172171 0.378727 -0.909353 0.26546
5 0 0 0 1
5 -0.865957 0.35995 0.347211 0.461483
5 0.478013 0.799833 0.363003 0.316254
5 -0.147047 0.480316 -0.864681 0.283588
5 0 0 0 1
5 -0.510216 0.674218 0.533956 0.555261
5 0.858319 0.438499 0.266472 0.219278
5 -0.0544791 0.594263 -0.802424 0.30526
5 0 0 0 1
5 -0.0366163 0.732999 0.679244 0.625284
5 0.993288 -0.0479302 0.105269 0.0976864
5 0.109718 0.678539 -0.726324 0.329393
5 0 0 0 1
5 0.393566 0.514032 0.762153 0.664923
5 0.858114 -0.502817 -0.103996 -0.0420314
5 0.329766 0.694944 -0.638989 0.355569
5 0 0 0 1
5 0.633614 0.0903587 0.768354 0.669504
5 0.521696 -0.783278 -0.338096 -0.19156
5 0.571285 0.61507 -0.543436 0.383299
5 0 0 0 1
5 0.604343 -0.394578 0.692154 0.636813
5 0.12203 -0.812658 -0.569821 -0.341396
5 0.787323 0.428831 -0.442974 0.412043
5 0 0 0 1
5 0.322951 -0.778983 0.537483 0.567391
5 -0.185393 -0.608983 -0.771213 -0.481624
5 0.92808 0.149418 -0.341089 0.441225
5 0 0 0 1
5 0.207094 -0.87523 0.437133 0.510829
5 -0.472527 -0.48073 -0.738659 -0.610434
5 0.856639 -0.0535856 -0.513126 0.311859
5 0 0 0 1
5 0.353793 -0.883391 0.307327 0.382144
5 -0.71828 -0.467068 -0.515676 -0.626149
5 0.599087 -0.0383038 -0.799768 0.231253
5 0 0 0 1
5 0.339191 -0.918851 0.201651 0.416584
5 -0.891053 -0.382545 -0.244304 -0.513974
5 0.30162 -0.096816 -0.9485 0.188297
5 0 0 0 1
5 0 -1 9.37637e-16 0.3
5 -1 -5.55112e-17 -1.10405e-15 -0.5
5 1.09815e-15 -9.56047e-16 -1 0.128
5 0 0 0 1
6 1.66533e-16 -1 -5.32293e-16 -1.73472e-17
6 -1 -1.11022e-16 2.04359e-15 0.45
6 -2.01102e-15 5.09072e-16 -1 0.128
6 0 0 0 1
6 -0.412315 -0.907405 0.0813167 0.125154
6 -0.872858 0.419027 0.250071 0.450523
6 -0.26099 0.0321302 -0.964807 0.136206
6 0 0 0 1
6 -0.393415 -0.886121 0.244979 0.216155
6 -0.741 0.463353 0.486028 0.418503
6 -0.544192 0.00968148 -0.838905 0.170764
6 0 0 0 1
6 -0.60193 -0.5652 0.564118 0.354929
6 -0.275658 0.810072 0.517491 0.365249
6 -0.749462 0.15599 -0.643408 0.23489
6 0 0 0 1
6 -0.572429 -0.302552 0.762094 0.435719
6 0.095619 0.898462 0.428513 0.300396
6 -0.81436 0.318164 -0.485376 0.284348
6 0 0 0 1
6 -0.833222 -0.228751 0.503402 0.412071
6 0.0250184 0.893884 0.4476 0.324591
6 -0.552372 0.385545 -0.739081 0.224464
6 0 0 0 1
6 -0.734167 0.195729 0.650146 0.505834
6 0.521173 0.776181 0.354855 0.227611
6 -0.435175 0.599361 -0.671855 0.258674
6 0 0 0 1
6 -0.834078 0.476211 0.278454 0.438383
6 0.548496 0.76978 0.326482 0.244978
6 -0.0588742 0.425043 -0.903257 0.157422
6 0 0 0 1
6 -0.645886 0.747335 0.155957 0.446096
6 0.762269 0.64258 0.0776907 0.222607
6 -0.042154 0.169061 -0.984704 0.134005
6 0 0 0 1
6 -0.157604 0.976778 0.145138 0.495779
6 0.987418 0.153955 0.0361151 0.121093
6 0.0129318 0.149003 -0.988752 0.133285
6 0 0 0 1
6 0.378946 0.916972 0.124749 0.522811
6 0.924034 -0.382297 0.00318535 0.0103643
6 0.0506122 0.114066 -0.992183 0.132517
6 0 0 0 1
6 0.805184 0.584859 0.0980795 0.525529
6 0.589111 -0.807825 -0.0191562 -0.104528
6 0.0680274 0.073204 -0.994994 0.131702
6 0 0 0 1
6 0.994571 0.0781171 0.068751 0.503398
6 0.0803275 -0.996317 -0.0299925 -0.218248
6 0.0661549 0.0353522 -0.997183 0.130842
6 0 0 0 1
6 0.890349 -0.453479 0.0404316 0.457053
6 -0.45259 -0.891232 -0.0294727 -0.325422
6 0.0493992 0.0079421 -0.998748 0.129937
6 0 0 0 1
6 0.522688 -0.852363 0.0165446 0.388289
6 -0.852167 -0.522932 -0.018776 -0.420899
6 0.0246557 -0.00428475 -0.999687 0.12899
6 0 0 0 1
6 0 -1 9.37637e-16 0.3
6 -1 -5.55112e-17 -1.10405e-15 -0.5
6 1.09815e-15 -9.56047e-16 -1 0.128
6 0 0 0 1
7 1.66533e-16 -1 -5.32293e-16 -1.73472e-17
7 -1 -1.11022e-16 2.04359e-15 0.45
7 -2.01102e-15 5.09072e-16 -1 0.128
7 0 0 0 1
7 0.298172 -0.947646 -0.114284 -0.0523077
7 -0.954495 -0.296743 -0.0297203 0.434938
7 -0.00574852 0.117945 -0.993004 0.242204
7 0 0 0 1
7 0.00483562 -0.995729 -0.092196 0.0206269
7 -0.997392 -0.0114419 0.0712615 0.451793
7 -0.072012 0.091611 -0.993188 0.246866
7 0 0 0 1
7 -0.505542 -0.862705 0.0128916 0.160911
7 -0.838881 0.494965 0.226469 0.453145
7 -0.201757 0.103675 -0.973933 0.258635
7 0 0 0 1
7 -0.852543 -0.488989 0.184554 0.302888
7 -0.419055 0.850542 0.317761 0.413473
7 -0.312352 0.193567 -0.930036 0.274813
7 0 0 0 1
7 -0.920615 -0.00308846 0.390459 0.433887
7 0.132791 0.937892 0.320509 0.331707
7 -0.367198 0.346915 -0.863027 0.295363
7 0 0 0 1
7 -0.689668 0.419979 0.589895 0.540677
7 0.640129 0.734422 0.225522 0.211022
7 -0.338517 0.533144 -0.775347 0.320093
7 0 0 0 1
7 -0.246855 0.624517 0.740973 0.611035
7 0.945055 0.324259 0.0415482 0.0590843
7 -0.21432 0.710517 -0.670248 0.348665
7 0 0 0 1
7 0.244761 0.535403 0.808354 0.635381
7 0.96958 -0.132925 -0.205537 -0.112344
7 -0.00259435 0.834071 -0.551651 0.380613
7 0 0 0 1
7 0.609632 0.188236 0.770011 0.608231
7 0.745852 -0.465161 -0.476792 -0.288422
7 0.26843 0.864981 -0.423973 0.415368
7 0 0 0 1
7 0.729261 -0.285797 0.62169 0.529211
7 0.401118 -0.557524 -0.726823 -0.452779
7 0.554331 0.779414 -0.291942 0.452278
7 0 0 0 1
7 0.587991 -0.715011 0.378187 0.403435
7 0.102758 -0.397732 -0.911729 -0.589389
7 0.802314 0.57495 -0.16039 0.49064
7 0 0 0 1
7 0.274802 -0.958865 0.0711475 0.241171
7 -0.0132201 -0.0777574 -0.996885 -0.684495
7 0.96141 0.273006 -0.0340443 0.529731
7 0 0 0 1
7 0.248222 -0.968283 0.0285178 0.141161
7 -0.355466 -0.118431 -0.927156 -0.729093
7 0.901127 0.220004 -0.373589 0.376777
7 0 0 0 1
7 0.32467 -0.941644 0.0888589 0.246505
7 -0.542036 -0.26223 -0.798394 -0.655697
7 0.775104 0.21105 -0.595543 0.356624
7 0 0 0 1
7 0.13524 -0.988984 0.0601779 0.2079
7 -0.742376 -0.141367 -0.6549 -0.613009
7 0.656192 0.0438939 -0.753316 0.274734
7 0 0 0 1
7 0.190057 -0.971091 0.144435 0.329848
7 -0.900736 -0.230999 -0.367849 -0.573032
7 0.390579 -0.0601856 -0.9186 0.171798
7 0 0 0 1
7 0 -1 9.37637e-16 0.3
7 -1 -5.55112e-17 -1.10405e-15 -0.5
7 1.09815e-15 -9.56047e-16 -1 0.128
7 0 0 0 1
8 1.66533e-16 -1 -5.32293e-16 -1.73472e-17
8 -1 -1.11022e-16 2.04359e-15 0.45
8 -2.01102e-15 5.09072e-16 -1 0.128
8 0 0 0 1
8 -0.147536 -0.98731 -0.0587543 -0.038463
8 -0.84479 0.0949006 0.526616 0.500086
8 -0.514357 0.12733 -0.848071 0.261239
8 0 0 0 1
8 -0.613255 -0.789835 0.00891077 0.0579782
8 -0.632409 0.49772 0.593577 0.506607
8 -0.473263 0.358379 -0.804728 0.290405
8 0 0 0 1
8 -0.910345 -0.401536 0.100204 0.155777
8 -0.246754 0.721012 0.647499 0.493806
8 -0.332242 0.564721 -0.75545 0.320876
8 0 0 0 1
8 -0.975529 0.060695 0.211329 0.250654
8 0.191578 0.706297 0.6815 0.4614
8 -0.107898 0.705309 -0.700641 0.352505
8 0 0 0 1
8 -0.815875 0.47012 0.336653 0.338279
8 0.55348 0.466438 0.689997 0.410129
8 0.167354 0.749282 -0.640757 0.385136
8 0 0 0 1
8 -0.779623 0.51618 0.354607 0.34952
8 0.591098 0.419491 0.688934 0.401695
8 0.206859 0.746717 -0.632157 0.38969
8 0 0 0 1
8 -0.673122 0.69183 0.261301 0.424612
8 0.739463 0.634438 0.225129 0.29826
8 -0.0100283 0.344761 -0.938637 0.210733
8 0 0 0 1
8 -0.197296 0.944003 0.264449 0.492626
8 0.976708 0.166068 0.135876 0.188938
8 0.0843513 0.285098 -0.95478 0.198633
8 0 0 0 1
8 0.341179 0.90833 0.241937 0.533218
8 0.929283 -0.364678 0.0586791 0.0664039
8 0.141529 0.204807 -0.968516 0.18662
8 0 0 0 1
8 0.780042 0.592923 0.199941 0.543971
8 0.605106 -0.796145 0.000221666 -0.0624991
8 0.159313 0.120813 -0.979808 0.174699
8 0 0 0 1
8 0.984996 0.0916226 0.146247 0.524169
8 0.0977341 -0.994592 -0.03515 -0.190536
8 0.142236 0.048916 -0.988623 0.162873
8 0 0 0 1
8 0.89172 -0.443658 0.0894592 0.47484
8 -0.441292 -0.896195 -0.04578 -0.310499
8 0.100484 0.00134531 -0.994938 0.151146
8 0 0 0 1
8 0.526707 -0.849191 0.0381458 0.3987
8 -0.848691 -0.527871 -0.0328049 -0.415627
8 0.0479937 -0.0150955 -0.998734 0.139521
8 0 0 0 1
8 0 -1 9.37637e-16 0.3
8 -1 -5.55112e-17 -1.10405e-15 -0.5
8 1.09815e-15 -9.56047e-16 -1 0.128
8 0 0 0 1
9 1.66533e-16 -1 -5.32293e-16 -1.73472e-17
9 -1 -1.11022e-16 2.04359e-15 0.45
9 -2.01102e-15 5.09072e-16 -1 0.128
9 0 0 0 1
9 -0.0927378 -0.986436 0.13544 0.0389314
9 -0.909754 0.139228 0.391104 0.485353
9 -0.404656 -0.0869469 -0.910326 0.152046
9 0 0 0 1
9 -0.56485 -0.787364 0.246984 0.172012
9 -0.68918 0.614736 0.383576 0.489012
9 -0.453844 0.0464465 -0.88987 0.161534
9 0 0 0 1
9 -0.737005 -0.41797 0.531154 0.335666
9 -0.203529 0.886629 0.415288 0.466906
9 -0.644515 0.197965 -0.738519 0.242227
9 0 0 0 1
9 -0.611563 -0.0113421 0.791115 0.485018
9 0.338004 0.900316 0.274198 0.377967
9 -0.715363 0.435089 -0.546766 0.33438
9 0 0 0 1
9 -0.220531 0.261379 0.939706 0.591505
9 0.744222 0.66784 -0.0111046 0.231873
9 -0.630476 0.6969 -0.341803 0.431867
9 0 0 0 1
9 -0.153747 0.280243 0.947537 0.601394
9 0.780207 0.622861 -0.0576209 0.208613
9 -0.606332 0.730416 -0.314411 0.445223
9 0 0 0 1
9 -0.231199 0.554912 0.799137 0.61494
9 0.827983 0.543537 -0.137882 0.122528
9 -0.510873 0.629793 -0.585123 0.290028
9 0 0 0 1
9 -0.612372 0.558505 0.559529 0.557928
9 0.736112 0.66095 0.145891 0.272708
9 -0.28834 0.501216 -0.81587 0.190441
9 0 0 0 1
9 -0.633489 0.731456 0.252316 0.449796
9 0.766518 0.637749 0.0756794 0.24267
9 -0.105558 0.241347 -0.964681 0.142184
9 0 0 0 1
9 -0.153307 0.961963 0.226108 0.50249
9 0.987976 0.153844 0.0153506 0.13723
9 -0.0200187 0.225742 -0.973981 0.139986
9 0 0 0 1
9 0.377729 0.906806 0.187147 0.531088
9 0.924858 -0.379171 -0.0294503 0.0223254
9 0.0442551 0.184209 -0.98189 0.137843
9 0 0 0 1
9 0.802167 0.580189 0.141099 0.53399
9 0.591613 -0.804248 -0.0563909 -0.0965712
9 0.0807609 0.128711 -0.988388 0.135756
9 0 0 0 1
9 0.992565 0.0773905 0.0939484 0.510831
9 0.0836755 -0.994377 -0.0649084 -0.213747
9 0.0883968 0.0722869 -0.993459 0.133727
9 0 0 0 1
9 0.890153 -0.452744 0.0514934 0.462507
9 -0.450043 -0.891236 -0.0562163 -0.323524
9 0.0713443 0.0268669 -0.99709 0.131758
9 0 0 0 1
9 0.523327 -0.851924 0.0188467 0.391144
9 -0.851279 -0.523664 -0.0331701 -0.420538
9 0.0381277 0.00131499 -0.999272 0.129849
9 0 0 0 1
9 0 -1 9.37637e-16 0.3
9 -1 -5.55112e-17 -1.10405e-15 -0.5
9 1.09815e-15 -9.56047e-16 -1 0.128
9 0 0 0 1
10 1.66533e-16 -1 -5.32293e-16 -1.73472e-17
10 -1 -1.11022e-16 2.04359e-15 0.45
10 -2.01102e-15 5.09072e-16 -1 0.128
10 0 0 0 1
10 -0.526307 -0.849754 0.030323 0.114895
10 -0.849821 0.526869 0.0145995 0.44105
10 -0.0283822 -0.0180853 -0.999434 0.13236
10 0 0 0 1
10 -0.893539 -0.444163 0.0656252 0.22591
10 -0.444205 0.895804 0.0147609 0.405181
10 -0.0653436 -0.0159616 -0.997735 0.136944
10 0 0 0 1
10 -0.846098 -0.531573 -0.0393363 0.13538
10 -0.480174 0.728086 0.489208 0.497462
10 -0.23141 0.432806 -0.87128 0.314729
10 0 0 0 1
10 -0.945477 -0.325494 0.0113029 0.191012
10 -0.282268 0.836244 0.470128 0.480798
10 -0.162476 0.441305 -0.882526 0.305764
10 0 0 0 1
10 -0.972103 0.206765 0.110747 0.311428
10 0.234158 0.882967 0.406865 0.419869
10 -0.0136603 0.421447 -0.90675 0.285074
10 0 0 0 1
10 -0.710213 0.68042 0.180625 0.413678
10 0.69604 0.64025 0.324974 0.330873
10 0.105474 0.356523 -0.928314 0.264554
10 0 0 0 1
10 -0.233672 0.94748 0.218356 0.491216
10 0.954924 0.181345 0.235021 0.219167
10 0.183079 0.263431 -0.947146 0.244234
10 0 0 0 1
10 0.314338 0.922327 0.224732 0.539067
10 0.924649 -0.351078 0.147541 0.0916197
10 0.214979 0.16142 -0.963186 0.224142
10 0 0 0 1
10 0.765879 0.609867 0.203692 0.554165
10 0.609515 -0.789495 0.0720346 -0.0438508
10 0.204745 0.0689832 -0.976381 0.204306
10 0 0 0 1
10 0.981219 0.104992 0.16182 0.535559
10 0.103758 -0.994473 0.016082 -0.178801
10 0.162614 0.00101017 -0.986689 0.18475
10 0 0 0 1
10 0.893169 -0.436661 0.107598 0.484474
10 -0.437666 -0.899007 -0.0153433 -0.304826
10 0.103431 -0.0333879 -0.994076 0.165499
10 0 0 0 1
10 0.528568 -0.847388 0.0504992 0.404229
10 -0.847752 -0.530005 -0.0202979 -0.414123
10 0.043965 -0.0320819 -0.998518 0.146576
10 0 0 0 1
10 0 -1 9.37637e-16 0.3
10 -1 -5.55112e-17 -1.10405e-15 -0.5
10 1.09815e-15 -9.56047e-16 -1 0.128
10 0 0 0 1
11 1.66533e-16 -1 -5.32293e-16 -1.73472e-17
11 -1 -1.11022e-16 2.04359e-15 0.45
11 -2.01102e-15 5.09072e-16 -1 0.128
11 0 0 0 1
11 -0.525209 -0.85078 0.0181139 0.110374
11 -0.850013 0.525508 0.0363154 0.44527
11 -0.0404155 0.00367609 -0.999176 0.13071
11 0 0 0 1
11 -0.892653 -0.447819 0.0512771 0.218926
11 -0.444639 0.893505 0.062816 0.415562
11 -0.0739466 0.0332731 -0.996707 0.133731
11 0 0 0 1
11 -0.902285 -0.234858 0.361557 0.286662
11 -0.102757 0.931585 0.348698 0.483453
11 -0.418715 0.277473 -0.864688 0.198507
11 0 0 0 1
11 -0.751232 0.111225 0.650599 0.452746
11 0.409151 0.851941 0.326791 0.354694
11 -0.517925 0.511689 -0.685513 0.333923
11 0 0 0 1
11 -0.809515 0.290506 0.510188 0.42688
11 0.48564 0.819653 0.303846 0.400803
11 -0.329908 0.493736 -0.804603 0.226652
11 0 0 0 1
11 -0.462366 0.614482 0.639242 0.533958
11 0.872875 0.442192 0.20629 0.290122
11 -0.155906 0.65336 -0.74082 0.254546
11 0 0 0 1
11 -0.000739053 0.672338 0.740243 0.610941
11 0.996315 -0.0629902 0.0582066 0.152432
11 0.0857626 0.737559 -0.669815 0.284232
11 0 0 0 1
11 0.405513 0.451198 0.794972 0.65077
11 0.840172 -0.526582 -0.129701 -0.00365809
11 0.360097 0.720508 -0.592619 0.315546
11 0 0 0 1
11 0.612488 0.0359485 0.789662 0.648959
11 0.486306 -0.804688 -0.340563 -0.167638
11 0.623189 0.592608 -0.510344 0.348306
11 0 0 0 1
11 0.55261 -0.424924 0.716981 0.604115
11 0.0801549 -0.829183 -0.5532 -0.327894
11 0.829577 0.363174 -0.424155 0.382313
11 0 0 0 1
11 0.255232 -0.775657 0.577246 0.518203
11 -0.225481 -0.628308 -0.744572 -0.472654
11 0.940221 0.0598799 -0.33526 0.417353
11 0 0 0 1
11 0.0751062 -0.911542 0.40429 0.442363
11 -0.483272 -0.387913 -0.784838 -0.543884
11 0.872242 -0.136436 -0.469658 0.307651
11 0 0 0 1
11 0.266534 -0.955803 0.124098 0.305183
11 -0.785731 -0.290044 -0.546353 -0.543025
11 0.5582 0.0481138 -0.828311 0.183542
11 0 0 0 1
11 0.00766815 -0.985249 0.170953 0.341961
11 -0.912241 -0.0769156 -0.402368 -0.520198
11 0.409582 -0.152865 -0.899375 0.176196
11 0 0 0 1
11 0 -1 9.37637e-16 0.3
11 -1 -5.55112e-17 -1.10405e-15 -0.5
11 1.09815e-15 -9.56047e-16 -1 0.128
11 0 0 0 1
12 1.66533e-16 -1 -5.32293e-16 -1.73472e-17
12 -1 -1.11022e-16 2.04359e-15 0.45
12 -2.01102e-15 5.09072e-16 -1 0.128
12 0 0 0 1
12 -0.526829 -0.849747 0.0195181 0.116077
12 -0.849132 0.52719 0.0323248 0.448806
12 -0.0377577 0.000456236 -0.999287 0.127105
12 0 0 0 1
12 -0.894351 -0.444231 0.0528685 0.231847
12 -0.441654 0.895569 0.0538395 0.419692
12 -0.0712646 0.0248018 -0.997149 0.126382
12 0 0 0 1
12 -0.952511 -0.151286 0.264262 0.260019
12 -0.110235 0.980303 0.163876 0.371937
12 -0.283849 0.126962 -0.950426 0.213489
12 0 0 0 1
12 -0.863313 0.23305 0.447637 0.349615
12 0.408721 0.843179 0.34928 0.366464
12 -0.296038 0.484496 -0.82318 0.251025
12 0 0 0 1
12 -0.603063 0.4491 0.659261 0.44034
12 0.792134 0.434565 0.428576 0.337573
12 -0.0940181 0.780681 -0.617817 0.305697
12 0 0 0 1
12 -0.312985 0.426533 0.848593 0.522747
12 0.914957 -0.104238 0.389856 0.28184
12 0.254742 0.898445 -0.357635 0.375615
12 0 0 0 1
12 -0.224894 0.356272 0.906914 0.551059
12 0.884638 -0.315515 0.343317 0.251988
12 0.408459 0.8795 -0.244214 0.407221
12 0 0 0 1
12 0.0484294 0.594616 0.80255 0.60808
12 0.985639 -0.158588 0.0580212 0.142219
12 0.161775 0.788215 -0.593756 0.289007
12 0 0 0 1
12 0.360844 0.28032 0.889501 0.671112
12 0.79876 -0.585229 -0.139602 0.0061477
12 0.481429 0.760873 -0.435085 0.324688
12 0 0 0 1
12 0.42891 -0.164906 0.888168 0.696987
12 0.46781 -0.800541 -0.374549 -0.149444
12 0.77278 0.576142 -0.266216 0.364846
12 0 0 0 1
12 0.232947 -0.569794 0.78808 0.679779
12 0.151125 -0.77932 -0.60813 -0.313049
12 0.960675 0.26076 -0.0954301 0.408366
12 0 0 0 1
12 0.110998 -0.782447 0.612744 0.602512
12 -0.128762 -0.62268 -0.77181 -0.424853
12 0.985444 0.00677122 -0.169866 0.42039
12 0 0 0 1
12 0.407603 -0.802755 0.435251 0.52502
12 -0.423564 -0.588472 -0.68869 -0.502301
12 0.808983 0.0963547 -0.579881 0.25541
12 0 0 0 1
12 0.243697 -0.945901 0.214202 0.413997
12 -0.686889 -0.324255 -0.650417 -0.625705
12 0.684686 0.0113722 -0.728749 0.186458
12 0 0 0 1
12 0.0580548 -0.994049 0.0921708 0.323816
12 -0.914356 -0.0900056 -0.394781 -0.590793
12 0.400727 -0.0613581 -0.91414 0.127854
12 0 0 0 1
12 0 -1 9.37637e-16 0.3
12 -1 -5.55112e-17 -1.10405e-15 -0.5
12 1.09815e-15 -9.56047e-16 -1 0.128
12 0 0 0 1
13 1.66533e-16 -1 -5.32293e-16 -1.73472e-17
13 -1 -1.11022e-16 2.04359e-15 0.45
13 -2.01102e-15 5.09072e-16 -1 0.128
13 0 0 0 1
13 -0.156388 -0.985984 0.058132 0.0575663
13 -0.801028 0.161045 0.576558 0.507581
13 -0.577838 0.0436013 -0.814986 0.270688
13 0 0 0 1
13 -0.606591 -0.768095 0.205129 0.186968
13 -0.573742 0.601548 0.555841 0.496635
13 -0.550334 0.219477 -0.805582 0.265982
13 0 0 0 1
13 -0.87093 -0.350183 0.344751 0.314514
13 -0.14671 0.854854 0.497696 0.454216
13 -0.468996 0.38288 -0.795893 0.260609
13 0 0 0 1
13 -0.873082 0.138398 0.467519 0.432354
13 0.350568 0.844604 0.404655 0.380695
13 -0.338865 0.517194 -0.785927 0.25458
13 0 0 0 1
13 -0.616884 0.548148 0.564789 0.532741
13 0.768439 0.574616 0.281633 0.278443
13 -0.17016 0.607742 -0.77569 0.247908
13 0 0 0 1
13 -0.184506 0.754904 0.629346 0.608547
13 0.982575 0.127055 0.13566 0.15179
13 0.0224486 0.64341 -0.765193 0.240607
13 0 0 0 1
13 0.289136 0.697269 0.655908 0.65377
13 0.931408 -0.363149 -0.0245329 0.00685566
13 0.221087 0.618012 -0.754442 0.232693
13 0 0 0 1
13 0.391539 0.645001 0.656255 0.659504
13 0.880527 -0.469695 -0.0637043 -0.029544
13 0.267151 0.602793 -0.751845 0.23072
13 0 0 0 1
13 0.365726 0.890067 0.272075 0.545373
13 0.920917 -0.388388 0.0326679 0.0215239
13 0.134747 0.238611 -0.961721 0.189112
13 0 0 0 1
13 0.790944 0.571292 0.219165 0.545397
13 0.589411 -0.80753 -0.0221557 -0.0997014
13 0.164325 0.146702 -0.975436 0.176495
13 0 0 0 1
13 0.984763 0.074051 0.15735 0.518942
13 0.0831983 -0.995157 -0.0523558 -0.217977
13 0.152711 0.0646493 -0.986154 0.164074
13 0 0 0 1
13 0.886233 -0.453401 0.0949694 0.46733
13 -0.449852 -0.891271 -0.0571716 -0.327541
13 0.110565 0.00794518 -0.993837 0.15185
13 0 0 0 1
13 0.522142 -0.851914 0.0401321 0.393125
13 -0.851167 -0.523491 -0.0383564 -0.423081
13 0.0536852 -0.0141317 -0.998458 0.139825
13 0 0 0 1
13 0 -1 9.37637e-16 0.3
13 -1 -5.55112e-17 -1.10405e-15 -0.5
13 1.09815e-15 -9.56047e-16 -1 0.128
13 0 0 0 1
14 1.66533e-16 -1 -5.32293e-16 -1.73472e-17
14 -1 -1.11022e-16 2.04359e-15 0.45
14 -2.01102e-15 5.09072e-16 -1 0.128
14 0 0 0 1
14 -0.528222 -0.849103 0.00256415 0.113442
14 -0.848374 0.527889 0.0399387 0.44654
14 -0.0352656 0.0189211 -0.999199 0.133009
14 0 0 0 1
14 -0.896465 -0.442495 0.0234037 0.22567
14 -0.439714 0.894876 0.0764767 0.416463
14 -0.054784 0.0582678 -0.996797 0.138383
14 0 0 0 1
14 -0.843039 -0.525977 0.112403 0.238272
14 -0.368124 0.716628 0.592393 0.418887
14 -0.392136 0.458032 -0.79777 0.374852
14 0 0 0 1
14 -0.974963 -0.0799097 0.207513 0.339542
14 0.038784 0.857788 0.512539 0.398475
14 -0.218959 0.507755 -0.833212 0.305761
14 0 0 0 1
14 -0.873022 0.40068 0.278006 0.438815
14 0.485296 0.770073 0.414096 0.345332
14 -0.0481645 0.49643 -0.86674 0.229043
14 0 0 0 1
14 -0.546761 0.774746 0.317525 0.521656
14 0.832166 0.460939 0.308276 0.262689
14 0.0924757 0.432786 -0.896741 0.148735
14 0 0 0 1
14 -0.0447777 0.924028 0.379693 0.577084
14 0.975223 -0.0419927 0.217203 0.131251
14 0.216646 0.380011 -0.899253 0.15716
14 0 0 0 1
14 0.45909 0.784461 0.416962 0.600318
14 0.829634 -0.546425 0.114574 -0.00939279
14 0.317717 0.293326 -0.901674 0.165629
14 0 0 0 1
14 0.811321 0.398784 0.42747 0.590117
14 0.438154 -0.898873 0.00695422 -0.151447
14 0.387014 0.181655 -0.904003 0.174139
14 0 0 0 1
14 0.904303 -0.115261 0.411037 0.547106
14 -0.0814625 -0.991759 -0.0988837 -0.287048
14 0.419047 0.0559367 -0.90624 0.182688
14 0 0 0 1
14 0.709187 -0.600649 0.369154 0.47374
14 -0.572182 -0.796268 -0.196378 -0.408706
14 0.4119 -0.0719545 -0.908384 0.191272
14 0 0 0 1
14 0.284806 -0.908814 0.304866 0.374163
14 -0.885435 -0.371266 -0.279581 -0.50972
14 0.367274 -0.190313 -0.910434 0.19989
14 0 0 0 1
14 0 -1 9.37637e-16 0.3
14 -1 -5.55112e-17 -1.10405e-15 -0.5
14 1.09815e-15 -9.56047e-16 -1 0.128
14 0 0 0 1
15 1.66533e-16 -1 -5.32293e-16 -1.73472e-17
15 -1 -1.11022e-16 2.04359e-15 0.45
15 -2.01102e-15 5.09072e-16 -1 0.128
15 0 0 0 1
15 -0.527059 -0.8496 0.019716 0.116027
15 -0.848956 0.527428 0.033073 0.447073
15 -0.0384976 0.000693394 -0.999258 0.13686
15 0 0 0 1
15 -0.894552 -0.443738 0.0535937 0.230877
15 -0.441043 0.895786 0.0552042 0.416072
15 -0.0725047 0.0257459 -0.997036 0.146158
15 0 0 0 1
15 -0.912924 -0.217712 0.345211 0.259314
15 -0.150384 0.965766 0.211376 0.41489
15 -0.379412 0.141056 -0.914412 0.198321
15 0 0 0 1
15 -0.83594 -0.00224934 0.548816 0.381534
15 0.283131 0.85488 0.434761 0.4501
15 -0.470149 0.518821 -0.713992 0.299307
15 0 0 0 1
15 -0.826943 0.0396037 0.560889 0.399769
15 0.318615 0.854921 0.409383 0.440578
15 -0.463303 0.517244 -0.719589 0.28659
15 0 0 0 1
15 -0.665203 0.417251 0.619199 0.547665
15 0.627832 0.761436 0.161379 0.309782
15 -0.404144 0.496103 -0.768472 0.164865
15 0 0 0 1
15 -0.822662 0.487421 0.292657 0.493962
15 0.55315 0.805141 0.213947 0.2632
15 -0.131348 0.337889 -0.931976 0.167624
15 0 0 0 1
15 -0.429959 0.83596 0.341036 0.550158
15 0.902226 0.411855 0.127922 0.151067
15 -0.0335202 0.362693 -0.931306 0.178069
15 0 0 0 1
15 0.0868387 0.926619 0.365835 0.581195
15 0.993874 -0.105779 0.0320082 0.0287913
15 0.0683569 0.360815 -0.930129 0.188668
15 0 0 0 1
15 0.574183 0.732734 0.36526 0.585326
15 0.801407 -0.594284 -0.0676295 -0.0979617
15 0.167514 0.331554 -0.928446 0.199414
15 0 0 0 1
15 0.887481 0.312102 0.339072 0.56208
15 0.382593 -0.909144 -0.164561 -0.223252
15 0.256905 0.275771 -0.926256 0.210297
15 0 0 0 1
15 0.934053 -0.21036 0.288608 0.512304
15 -0.137689 -0.957758 -0.25247 -0.341151
15 0.329526 0.196082 -0.923561 0.221312
15 0 0 0 1
15 0.700537 -0.679915 0.216713 0.438124
15 -0.604748 -0.726849 -0.325532 -0.446034
15 0.378851 0.0969902 -0.920361 0.232448
15 0 0 0 1
15 0.256603 -0.958059 0.127581 0.342862
15 -0.880139 -0.286172 -0.378762 -0.532858
15 0.399387 -0.0150978 -0.916658 0.243698
15 0 0 0 1
15 0 -1 9.37637e-16 0.3
15 -1 -5.55112e-17 -1.10405e-15 -0.5
15 1.09815e-15 -9.56047e-16 -1 0.128
15 0 0 0 1
16 1.66533e-16 -1 -5.32293e-16 -1.73472e-17
16 -1 -1.11022e-16 2.04359e-15 0.45
16 -2.01102e-15 5.09072e-16 -1 0.128
16 0 0 0 1
16 -0.529498 -0.848305 -0.00326593 0.116834
16 -0.847894 0.529113 0.0334051 0.445361
16 -0.0266096 0.0204571 -0.999437 0.139143
16 0 0 0 1
16 -0.898066 -0.439755 0.00963858 0.23181
16 -0.43823 0.896407 0.0663942 0.412187
16 -0.0378373 0.0554025 -0.997747 0.15072
16 0 0 0 1
16 -0.924684 -0.34185 0.167627 0.232428
16 -0.223582 0.84391 0.487675 0.529878
16 -0.308174 0.413467 -0.856781 0.236553
16 0 0 0 1
16 -0.948503 0.06287 0.310466 0.366844
16 0.214027 0.849742 0.481799 0.455228
16 -0.233525 0.523436 -0.819439 0.248223
16 0 0 0 1
16 -0.730938 0.478543 0.486545 0.498634
16 0.675248 0.610408 0.414057 0.323992
16 -0.0988467 0.631189 -0.769305 0.263029
16 0 0 0 1
16 -0.325966 0.693753 0.642225 0.585714
16 0.942389 0.184438 0.279081 0.158721
16 0.075162 0.696196 -0.713906 0.278622
16 0 0 0 1
16 0.129038 0.646461 0.751956 0.619606
16 0.953222 -0.289884 0.0856401 -0.0256708
16 0.273343 0.70573 -0.653627 0.294971
16 0 0 0 1
16 0.489422 0.359406 0.79454 0.596735
16 0.730174 -0.667029 -0.148047 -0.212258
16 0.476772 0.65261 -0.588888 0.312041
16 0 0 0 1
16 0.650027 -0.0720678 0.756486 0.518871
16 0.368157 -0.840996 -0.396466 -0.383696
16 0.664775 0.536219 -0.520138 0.329787
16 0 0 0 1
16 0.576368 -0.515154 0.634363 0.393059
16 -0.000564495 -0.776524 -0.630087 -0.52391
16 0.81719 0.362804 -0.447854 0.348157
16 0 0 0 1
16 0.310735 -0.844719 0.435768 0.231011
16 -0.251503 -0.515194 -0.819342 -0.619697
16 0.916619 0.145001 -0.372538 0.367093
16 0 0 0 1
16 0.320972 -0.830485 0.455272 0.266554
16 -0.622503 -0.547277 -0.559445 -0.565413
16 0.71377 -0.103842 -0.692639 0.28348
16 0 0 0 1
16 0.264859 -0.849614 0.456076 0.330068
16 -0.850599 -0.428645 -0.304541 -0.504681
16 0.454237 -0.307278 -0.836211 0.250386
16 0 0 0 1
16 0.242038 -0.931081 0.272958 0.309452
16 -0.925146 -0.306254 -0.224309 -0.531642
16 0.292444 -0.198235 -0.93551 0.267611
16 0 0 0 1
16 0 -1 9.37637e-16 0.3
16 -1 -5.55112e-17 -1.10405e-15 -0.5
16 1.09815e-15 -9.56047e-16 -1 0.128
16 0 0 0 1
17 1.66533e-16 -1 -5.32293e-16 -1.73472e-17
17 -1 -1.11022e-16 2.04359e-15 0.45
17 -2.01102e-15 5.09072e-16 -1 0.128
17 0 0 0 1
17 -0.521641 -0.852784 0.0255004 0.107712
17 -0.852105 0.52225 0.0342392 0.449194
17 -0.0425162 -0.00386848 -0.999088 0.135509
17 0 0 0 1
17 -0.888401 -0.45454 0.0643182 0.215208
17 -0.451552 0.890485 0.0560111 0.424194
17 -0.0827337 0.0207173 -0.996356 0.143471
17 0 0 0 1
17 -0.992369 0.0685375 0.102502 0.30573
17 0.0779857 0.992774 0.0912014 0.378001
17 -0.0955102 0.0984991 -0.990543 0.164557
17 0 0 0 1
17 -0.988449 -0.0894046 0.122372 0.176338
17 -0.0256958 0.894634 0.446061 0.50384
17 -0.149358 0.437764 -0.886597 0.267085
17 0 0 0 1
17 -0.899514 0.377143 0.220541 0.286445
17 0.436514 0.796807 0.417796 0.449829
17 -0.0181598 0.472082 -0.881367 0.27673
17 0 0 0 1
17 -0.557673 0.765668 0.320553 0.390616
17 0.819145 0.445222 0.361634 0.365134
17 0.134175 0.464253 -0.875481 0.287292
17 0 0 0 1
17 -0.0654896 0.911534 0.405977 0.471503
17 0.957902 -0.0565408 0.281473 0.258869
17 0.279526 0.40732 -0.869457 0.297796
17 0 0 0 1
17 0.425023 0.772953 0.471061 0.524794
17 0.810972 -0.556332 0.181158 0.137235
17 0.402093 0.305021 -0.863298 0.308239
17 0 0 0 1
17 0.763321 0.395147 0.511077 0.547796
17 0.423565 -0.903465 0.0659097 0.00725423
17 0.487784 0.166164 -0.857004 0.318615
17 0 0 0 1
17 0.84619 -0.103938 0.522646 0.539566
17 -0.0863687 -0.994576 -0.0579556 -0.123649
17 0.525835 0.00390119 -0.850578 0.328923
17 0 0 0 1
17 0.648924 -0.569993 0.50399 0.500959
17 -0.564499 -0.804808 -0.183372 -0.248079
17 0.510136 -0.165507 -0.84402 0.339157
17 0 0 0 1
17 0.232389 -0.859586 0.455091 0.434554
17 -0.867357 -0.394872 -0.302933 -0.359092
17 0.4401 -0.324328 -0.837331 0.349313
17 0 0 0 1
17 0.0308 -0.990849 0.131416 0.387037
17 -0.894664 -0.0859541 -0.438393 -0.509609
17 0.445677 -0.104071 -0.889124 0.236299
17 0 0 0 1
17 0 -1 9.37637e-16 0.3
17 -1 -5.55112e-17 -1.10405e-15 -0.5
17 1.09815e-15 -9.56047e-16 -1 0.128
17 0 0 0 1
18 1.66533e-16 -1 -5.32293e-16 -1.73472e-17
18 -1 -1.11022e-16 2.04359e-15 0.45
18 -2.01102e-15 5.09072e-16 -1 0.128
18 0 0 0 1
18 -0.525588 -0.850552 0.0178606 0.112186
18 -0.850044 0.525891 0.0293763 0.447963
18 -0.0343788 0.000257504 -0.999409 0.130466
18 0 0 0 1
18 -0.893273 -0.446952 0.0479231 0.223697
18 -0.444809 0.894271 0.0492402 0.41986
18 -0.0648642 0.0226683 -0.997637 0.133154
18 0 0 0 1
18 -0.891383 -0.358392 0.277473 0.339215
18 -0.196805 0.857507 0.475342 0.386885
18 -0.408293 0.369104 -0.834901 0.31267
18 0 0 0 1
18 -0.912097 -0.0173743 0.409606 0.420827
18 0.177731 0.883579 0.433244 0.343801
18 -0.369446 0.46796 -0.802822 0.301568
18 0 0 0 1
18 -0.713915 0.401232 0.57388 0.523238
18 0.647705 0.689818 0.323464 0.258532
18 -0.266089 0.602631 -0.752351 0.28648
18 0 0 0 1
18 -0.319703 0.63852 0.700059 0.606321
18 0.941879 0.294649 0.16139 0.146058
18 -0.103221 0.710967 -0.695608 0.271615
18 0 0 0 1
18 0.140342 0.619145 0.772634 0.662849
18 0.98399 -0.1738 -0.0394591 0.0112962
18 0.109853 0.765802 -0.633624 0.25687
18 0 0 0 1
18 0.516679 0.351174 0.780845 0.68697
18 0.780605 -0.567861 -0.261133 -0.138913
18 0.351708 0.744454 -0.56753 0.242133
18 0 0 0 1
18 0.689763 -0.0771771 0.71991 0.674719
18 0.417909 -0.769517 -0.482904 -0.296224
18 0.591252 0.633946 -0.498531 0.227275
18 0 0 0 1
18 0.609284 -0.527914 0.591676 0.624399
18 0.0314198 -0.72951 -0.683248 -0.451329
18 0.79233 0.434882 -0.427891 0.212165
18 0 0 0 1
18 0.309607 -0.86048 0.40462 0.536789
18 -0.241104 -0.482665 -0.841964 -0.594604
18 0.919789 0.163122 -0.356902 0.196663
18 0 0 0 1
18 0.210061 -0.9228 0.322978 0.402394
18 -0.514039 -0.385246 -0.766387 -0.658186
18 0.831648 -0.00503506 -0.55528 0.179423
18 0 0 0 1
18 0.468492 -0.853779 0.227106 0.426484
18 -0.643795 -0.505965 -0.574045 -0.550973
18 0.605016 0.122726 -0.786698 0.182709
18 0 0 0 1
18 0.331416 -0.932622 0.142755 0.402101
18 -0.873805 -0.360473 -0.32638 -0.5
18 0.355849 -0.0165724 -0.934397 0.165332
18 0 0 0 1
18 0 -1 9.37637e-16 0.3
18 -1 -5.55112e-17 -1.10405e-15 -0.5
18 1.09815e-15 -9.56047e-16 -1 0.128
18 0 0 0 1
19 1.66533e-16 -1 -5.32293e-16 -1.73472e-17
19 -1 -1.11022e-16 2.04359e-15 0.45
19 -2.01102e-15 5.09072e-16 -1 0.128
19 0 0 0 1
19 -0.526133 -0.8504 -0.00207858 0.109854
19 -0.850259 0.525997 0.0196486 0.447433
19 -0.0156158 0.0121051 -0.999805 0.130762
19 0 0 0 1
19 -0.894758 -0.446525 0.00478091 0.218935
19 -0.446019 0.894164 0.0392183 0.419801
19 -0.0217869 0.0329585 -0.999219 0.133598
19 0 0 0 1
19 -0.918283 -0.33116 0.216999 0.332552
19 -0.177448 0.834195 0.522141 0.402944
19 -0.353932 0.440967 -0.824791 0.301464
19 0 0 0 1
19 -0.944849 -0.227864 0.235241 0.351783
19 -0.0814422 0.85919 0.505134 0.389428
19 -0.317218 0.458116 -0.830363 0.298079
19 0 0 0 1
19 -0.907595 0.285142 0.308164 0.436647
19 0.397897 0.818395 0.414618 0.312143
19 -0.133975 0.498923 -0.856228 0.281506
19 0 0 0 1
19 -0.610439 0.708472 0.354163 0.504489
19 0.791123 0.523589 0.316194 0.217774
19 0.0385784 0.473204 -0.880108 0.264704
19 0 0 0 1
19 -0.135923 0.917688 0.373327 0.551824
19 0.974545 0.0560359 0.217074 0.110163
19 0.178287 0.393329 -0.901946 0.247692
19 0 0 0 1
19 0.37891 0.849307 0.367566 0.576054
19 0.885107 -0.448558 0.124025 -0.00613042
19 0.27021 0.278341 -0.92169 0.230487
19 0 0 0 1
19 0.782604 0.5212 0.340415 0.575614
19 0.540794 -0.840059 0.0429215 -0.126042
19 0.308339 0.150504 -0.939295 0.213107
19 0 0 0 1
19 0.954532 0.0287057 0.296722 0.550072
19 0.0367687 -0.99909 -0.0216275 -0.244237
19 0.295831 0.0315542 -0.954719 0.195571
19 0 0 0 1
19 0.841561 -0.482788 0.242262 0.500162
19 -0.482023 -0.873627 -0.0665562 -0.355371
19 0.243779 -0.0607647 -0.967925 0.177898
19 0 0 0 1
19 0.474823 -0.860783 0.18329 0.427775
19 -0.863747 -0.495731 -0.0905112 -0.454343
