0 -3.6536e-06 -1 -1.02396e-05 -0.2581
0 -1 3.65353e-06 6.63275e-06 0.433702
0 -6.63271e-06 1.02396e-05 -1 0.148003
0 0 0 0 1
0 -0.470756 -0.859544 -0.19893 -0.175902
0 -0.867369 0.409635 0.282613 0.508569
0 -0.161429 0.305587 -0.93838 0.24749
0 0 0 0 1
0 -0.864261 -0.495897 -0.0844981 -0.000199933
0 -0.492217 0.798981 0.345474 0.545341
0 -0.103807 0.340171 -0.934616 0.241377
0 0 0 0 1
0 -0.985365 -0.170311 -0.00706728 0.12446
0 -0.13522 0.755752 0.640745 0.543504
0 -0.103785 0.632323 -0.767721 0.292321
0 0 0 0 1
0 -0.920213 -0.294553 0.257773 0.221003
0 0.116747 0.42204 0.899029 0.554467
0 -0.373602 0.857392 -0.353979 0.465426
0 0 0 0 1
0 -0.821842 0.0735554 0.564948 0.407336
0 0.539107 0.42107 0.729427 0.467387
0 -0.184229 0.904041 -0.385707 0.434815
0 0 0 0 1
0 -0.504172 0.359439 0.785248 0.559296
0 0.863598 0.206551 0.45993 0.320911
0 0.0031231 0.910022 -0.414548 0.403672
0 0 0 0 1
0 -0.0545828 0.455713 0.888452 0.657958
0 0.982032 -0.136479 0.130336 0.128919
0 0.180651 0.879602 -0.440075 0.372134
0 0 0 0 1
0 0.393159 0.321682 0.861363 0.690028
0 0.853263 -0.476693 -0.211438 -0.0887916
0 0.34259 0.818098 -0.461896 0.340337
0 0 0 0 1
0 0.704704 -0.00214193 0.709499 0.649623
0 0.517717 -0.682222 -0.516277 -0.308779
0 0.485142 0.731142 -0.479656 0.30841
0 0 0 0 1
0 0.790939 -0.407928 0.456081 0.539144
0 0.083502 -0.666429 -0.740877 -0.506715
0 0.60617 0.624073 -0.493042 0.276482
0 0 0 0 1
0 0.637811 -0.757634 0.138519 0.369131
0 -0.310699 -0.417667 -0.853827 -0.660294
0 0.704743 0.501543 -0.501789 0.244672
0 0 0 0 1
0 0.31002 -0.930078 -0.197086 0.157123
0 -0.542718 -0.0029236 -0.83991 -0.751914
0 0.780605 0.367351 -0.505677 0.213095
0 0 0 0 1
0 0.0754633 -0.918033 -0.389256 0.0172237
0 -0.573694 0.279318 -0.769972 -0.772421
0 0.815586 0.281419 -0.505592 0.194068
0 0 0 0 1
0 -0.0764925 -0.953777 -0.290617 0.0293078
0 -0.701482 0.258614 -0.66411 -0.766749
0 0.70857 0.153063 -0.68884 0.186298
0 0 0 0 1
0 -0.211476 -0.977033 -0.0261433 0.079072
0 -0.846036 0.196384 -0.495638 -0.725441
0 0.489389 -0.0826975 -0.868136 0.176258
0 0 0 0 1
0 -0.156844 -0.981277 -0.11178 0.19047
0 -0.922208 0.18602 -0.339011 -0.634568
0 0.353457 0.0499123 -0.934118 0.139622
0 0 0 0 1
0 -4.3464e-06 -1 3.82872e-06 0.291901
0 -1 4.34641e-06 1.22606e-06 -0.5403
0 -1.22607e-06 -3.82871e-06 -1 0.147998
0 0 0 0 1
1 -3.6536e-06 -1 -1.02396e-05 -0.2581
1 -1 3.65353e-06 6.63275e-06 0.433702
1 -6.63271e-06 1.02396e-05 -1 0.148003
1 0 0 0 1
1 -0.0638552 -0.994977 -0.0770935 -0.305612
1 -0.969431 0.0435053 0.241478 0.380608
1 -0.236911 0.0901564 -0.967339 0.290404
1 0 0 0 1
1 -0.0640048 -0.991528 -0.113031 -0.328831
1 -0.780643 -0.0208137 0.62463 0.442416
1 -0.621691 0.128216 -0.772697 0.343812
1 0 0 0 1
1 -0.351874 -0.837185 -0.418697 -0.434937
1 -0.631834 -0.117598 0.766131 0.463648
1 -0.690631 0.534128 -0.487582 0.39427
1 0 0 0 1
1 -0.779424 -0.579733 -0.237504 -0.302222
1 -0.283752 -0.0113217 0.958831 0.57791
1 -0.558555 0.814728 -0.155676 0.510855
1 0 0 0 1
1 -0.943851 -0.308374 0.118538 -0.0946596
1 0.108244 0.0503421 0.992849 0.6341
1 -0.312136 0.949932 -0.0141358 0.547287
1 0 0 0 1
1 -0.880827 -0.069317 0.468336 0.118897
1 0.473175 -0.0959272 0.87573 0.618695
1 -0.0157768 0.992972 0.117294 0.583762
1 0 0 0 1
1 -0.664393 0.0213792 0.747078 0.313461
1 0.687727 -0.373847 0.62231 0.534178
1 0.292597 0.927244 0.233678 0.619481
1 0 0 0 1
1 -0.422901 -0.0767025 0.902924 0.466645
1 0.70434 -0.654737 0.274271 0.391828
1 0.57014 0.751955 0.330914 0.653718
1 0 0 0 1
1 -0.279182 -0.314081 0.90742 0.561751
1 0.566034 -0.817184 -0.108699 0.210075
1 0.775669 0.483284 0.405924 0.685851
1 0 0 0 1
1 -0.288523 -0.559121 0.777263 0.59022
1 0.393807 -0.809241 -0.435941 0.0275472
1 0.872737 0.180313 0.453671 0.713148
1 0 0 0 1
1 0.0675438 -0.643009 0.762874 0.655066
1 0.5749 -0.599839 -0.556492 -0.0291994
1 0.815431 0.476164 0.329151 0.665793
1 0 0 0 1
1 0.139731 -0.594747 0.791676 0.719885
1 0.492312 -0.651968 -0.576685 -0.0535627
1 0.85913 0.470333 0.201701 0.587933
1 0 0 0 1
1 0.535651 -0.29458 0.791392 0.704645
1 0.626997 -0.489023 -0.606409 -0.153742
1 0.565644 0.821024 -0.0772448 0.4884
1 0 0 0 1
1 0.457171 0.0882404 0.88499 0.704242
1 0.708635 -0.637434 -0.302512 -0.0127682
1 0.537429 0.765435 -0.353947 0.381442
1 0 0 0 1
1 0.526411 0.417153 0.740861 0.66335
1 0.715252 -0.68838 -0.120612 0.0555295
1 0.45968 0.593394 -0.66074 0.318448
1 0 0 0 1
1 0.697984 -0.0509982 0.714295 0.682182
1 0.310322 -0.877401 -0.365879 -0.150153
1 0.645382 0.477039 -0.596587 0.325795
1 0 0 0 1
1 0.59887 -0.532343 0.598302 0.63655
1 -0.103707 -0.792347 -0.601191 -0.357777
1 0.794103 0.297988 -0.529721 0.333736
1 0 0 0 1
1 0.276859 -0.87425 0.398793 0.527334
1 -0.375169 -0.480423 -0.792743 -0.546785
1 0.884645 0.0698628 -0.461001 0.342169
1 0 0 0 1
1 0.38354 -0.908999 0.163151 0.365269
1 -0.64115 -0.389232 -0.661381 -0.632694
1 0.664699 0.149062 -0.73209 0.272337
1 0 0 0 1
1 0.259349 -0.964896 0.0413895 0.318586
1 -0.905698 -0.25787 -0.336472 -0.586217
1 0.335334 0.0497771 -0.940783 0.163782
1 0 0 0 1
1 -4.3464e-06 -1 3.82872e-06 0.291901
1 -1 4.34641e-06 1.22606e-06 -0.5403
1 -1.22607e-06 -3.82871e-06 -1 0.147998
1 0 0 0 1
2 -3.6536e-06 -1 -1.02396e-05 -0.2581
2 -1 3.65353e-06 6.63275e-06 0.433702
2 -6.63271e-06 1.02396e-05 -1 0.148003
2 0 0 0 1
2 -0.247668 -0.960179 -0.129297 -0.277516
2 -0.931536 0.199323 0.304156 0.420799
2 -0.266272 0.195774 -0.943807 0.270388
2 0 0 0 1
2 -0.447388 -0.883951 -0.135924 -0.227229
2 -0.842233 0.365308 0.396476 0.470224
2 -0.300811 0.291858 -0.907927 0.284321
2 0 0 0 1
2 -0.819695 -0.570506 -0.0512116 -0.0716766
2 -0.475763 0.628316 0.615523 0.560827
2 -0.318983 0.528906 -0.786453 0.324974
2 0 0 0 1
2 -0.969284 -0.186666 0.160141 0.11972
2 0.00309177 0.641823 0.766847 0.594332
2 -0.245926 0.743787 -0.621531 0.37512
2 0 0 0 1
2 -0.888212 0.1148 0.444861 0.322795
2 0.449438 0.417994 0.789485 0.556081
2 -0.0953165 0.901167 -0.422863 0.433594
2 0 0 0 1
2 -0.652969 0.22126 0.724345 0.507404
2 0.749959 0.0552911 0.65917 0.442808
2 0.105798 0.973646 -0.20204 0.498729
2 0 0 0 1
2 -0.473386 0.538858 0.696805 0.541684
2 0.875476 0.200534 0.439691 0.300474
2 0.0971974 0.81818 -0.566687 0.430247
2 0 0 0 1
2 -0.411918 0.831673 0.372349 0.55273
2 0.87365 0.24433 0.420759 0.26215
2 0.258958 0.498621 -0.827235 0.322121
2 0 0 0 1
2 -0.23018 0.971057 0.0637538 0.488104
2 0.970667 0.224425 0.0862486 0.231681
2 0.0694444 0.0817365 -0.994232 0.166258
2 0 0 0 1
2 0.323422 0.943692 0.0695946 0.543612
2 0.943215 -0.3274 0.0561698 0.0983107
2 0.0757923 0.0474762 -0.995993 0.163323
2 0 0 0 1
2 0.777432 0.625573 0.0652487 0.563686
2 0.625136 -0.77996 0.0294431 -0.0455213
2 0.0693102 0.0178993 -0.997435 0.160344
2 0 0 0 1
2 0.992014 0.114474 0.052947 0.546635
2 0.114155 -0.993422 0.00902079 -0.1905
2 0.0536314 -0.0029046 -0.998557 0.157321
2 0 0 0 1
2 0.901044 -0.432257 0.0356842 0.493195
2 -0.432431 -0.901662 -0.00308863 -0.327139
2 0.0335101 -0.0126479 -0.999358 0.154255
2 0 0 0 1
2 0.532538 -0.846238 0.0168796 0.406499
2 -0.846289 -0.53269 -0.00599651 -0.4464
2 0.014066 -0.0110916 -0.99984 0.151147
2 0 0 0 1
2 -4.3464e-06 -1 3.82872e-06 0.291901
2 -1 4.34641e-06 1.22606e-06 -0.5403
2 -1.22607e-06 -3.82871e-06 -1 0.147998
2 0 0 0 1
3 -3.6536e-06 -1 -1.02396e-05 -0.2581
3 -1 3.65353e-06 6.63275e-06 0.433702
3 -6.63271e-06 1.02396e-05 -1 0.148003
3 0 0 0 1
3 -0.23256 -0.971812 -0.0387045 -0.126042
3 -0.931636 0.211168 0.29574 0.490307
3 -0.27923 0.104836 -0.954484 0.171269
3 0 0 0 1
3 -0.586195 -0.780772 -0.216266 -0.106925
3 -0.697062 0.350013 0.625776 0.508478
3 -0.412893 0.517577 -0.749422 0.351901
3 0 0 0 1
3 -0.571861 -0.77771 -0.261039 -0.155214
3 -0.42695 0.0104417 0.904215 0.555541
3 -0.700492 0.628536 -0.338014 0.483524
3 0 0 0 1
3 -0.773537 -0.624694 -0.106758 -0.10358
3 0.0402659 -0.216559 0.975439 0.567004
3 -0.632471 0.750239 0.19267 0.645557
3 0 0 0 1
3 -0.839558 -0.522031 0.150423 -0.0889161
3 0.370946 -0.348547 0.860764 0.547893
3 -0.396916 0.778459 0.486271 0.744645
3 0 0 0 1
3 -0.820168 -0.53896 0.191951 -0.0371204
3 0.365318 -0.235142 0.900695 0.574519
3 -0.440303 0.808845 0.389748 0.703375
3 0 0 0 1
3 -0.803185 -0.487442 0.342482 0.109092
3 0.352485 0.0746137 0.932838 0.601885
3 -0.480259 0.869961 0.111888 0.599797
3 0 0 0 1
3 -0.814161 -0.281718 0.507718 0.264
3 0.390769 0.380906 0.83798 0.569225
3 -0.429467 0.880651 -0.200032 0.496704
3 0 0 0 1
3 -0.795094 0.0695409 0.602486 0.400987
3 0.519814 0.589907 0.617903 0.479001
3 -0.312441 0.804471 -0.50518 0.401031
3 0 0 0 1
3 -0.669492 0.491584 0.556889 0.499058
3 0.721608 0.608283 0.330566 0.345869
3 -0.176245 0.623167 -0.761972 0.318686
3 0 0 0 1
3 -0.678767 0.686453 0.260878 0.39972
3 0.733964 0.622588 0.271442 0.381947
3 0.0239132 0.375721 -0.926424 0.214823
3 0 0 0 1
3 -0.219139 0.96377 0.152074 0.47593
3 0.975062 0.210713 0.0696737 0.246009
3 0.0351056 0.163549 -0.98591 0.161615
3 0 0 0 1
3 0.329935 0.933907 0.1377 0.536878
3 0.941567 -0.336038 0.0230356 0.112636
3 0.0677856 0.122054 -0.990206 0.159461
3 0 0 0 1
3 0.779349 0.616627 0.111295 0.561463
3 0.621407 -0.783411 -0.0109638 -0.0329261
3 0.0804295 0.0777043 -0.993727 0.157257
3 0 0 0 1
3 0.991002 0.1084 0.0785112 0.547505
3 0.111016 -0.993373 -0.029751 -0.180853
3 0.0747659 0.0381993 -0.996469 0.155008
3 0 0 0 1
3 0.899215 -0.435147 0.045381 0.495457
3 -0.434018 -0.900306 -0.0328327 -0.321025
3 0.0551438 0.00982754 -0.99843 0.152714
3 0 0 0 1
3 0.531393 -0.846942 0.0176253 0.408407
3 -0.846668 -0.531675 -0.0217804 -0.44372
3 0.0278176 -0.00334883 -0.999607 0.150377
3 0 0 0 1
3 -4.3464e-06 -1 3.82872e-06 0.291901
3 -1 4.34641e-06 1.22606e-06 -0.5403
3 -1.22607e-06 -3.82871e-06 -1 0.147998
3 0 0 0 1
4 -3.6536e-06 -1 -1.02396e-05 -0.2581
4 -1 3.65353e-06 6.63275e-06 0.433702
4 -6.63271e-06 1.02396e-05 -1 0.148003
4 0 0 0 1
4 -0.53509 -0.844787 -0.00374584 -0.110759
4 -0.844662 0.534922 0.0200846 0.490274
4 -0.0149635 0.0139111 -0.999791 0.155374
4 0 0 0 1
4 -0.840527 -0.516058 -0.164919 -0.015934
4 -0.537157 0.754179 0.377725 0.534336
4 -0.0705495 0.406076 -0.911112 0.268871
4 0 0 0 1
4 -0.986461 -0.162314 0.0234438 0.119634
4 -0.102692 0.722811 0.683373 0.557398
4 -0.127866 0.671713 -0.729693 0.319456
4 0 0 0 1
4 -0.943734 0.12302 0.306972 0.261521
4 0.328993 0.44356 0.833677 0.538689
4 -0.033602 0.887762 -0.459075 0.388942
4 0 0 0 1
4 -0.767474 0.229256 0.598686 0.393159
4 0.614383 -0.0036639 0.788999 0.471701
4 0.183076 0.973359 -0.138039 0.473154
4 0 0 0 1
4 -0.65021 0.190727 0.735425 0.457842
4 0.680204 -0.285072 0.675319 0.410396
4 0.338451 0.939339 0.0556237 0.527008
4 0 0 0 1
4 -0.474063 0.395399 0.786717 0.519671
4 0.803339 -0.171524 0.570286 0.324335
4 0.360431 0.902352 -0.236326 0.485027
4 0 0 0 1
4 -0.233894 0.162759 0.958542 0.595357
4 0.75383 -0.592279 0.284511 0.159272
4 0.614031 0.789123 0.0158376 0.563764
4 0 0 0 1
4 -0.174818 -0.198127 0.964461 0.607362
4 0.56693 -0.821124 -0.0659203 -0.0230287
4 0.805002 0.535258 0.255871 0.644279
4 0 0 0 1
4 -0.313534 -0.520741 0.794056 0.552486
4 0.38844 -0.83339 -0.39316 -0.196648
4 0.866493 0.185174 0.463573 0.722873
4 0 0 0 1
4 -0.0727146 -0.762327 0.643094 0.509825
4 0.325002 -0.627717 -0.707351 -0.353037
4 0.942914 0.157572 0.293402 0.692977
4 0 0 0 1
4 0.352963 -0.784549 0.509803 0.505353
4 0.286211 -0.428218 -0.857154 -0.541234
4 0.890786 0.448455 0.0734012 0.538391
4 0 0 0 1
4 0.579207 -0.584728 0.56799 0.467512
4 0.122637 -0.626333 -0.769849 -0.606147
4 0.805903 0.515558 -0.291068 0.39769
4 0 0 0 1
4 0.684828 -0.293347 0.667051 0.490044
4 0.0464731 -0.895948 -0.44172 -0.48468
4 0.727221 0.333503 -0.599938 0.33489
4 0 0 0 1
4 0.815841 -0.295485 0.497084 0.468119
4 -0.217261 -0.953243 -0.210063 -0.402342
4 0.535912 0.0633806 -0.841891 0.302201
4 0 0 0 1
4 0.613298 -0.724113 0.315477 0.362407
4 -0.627584 -0.689262 -0.362017 -0.549087
4 0.479587 0.0240362 -0.877165 0.273346
4 0 0 0 1
4 0.349917 -0.930538 0.107966 0.290141
4 -0.913122 -0.364545 -0.182526 -0.532854
4 0.209206 -0.0347177 -0.977255 0.230666
4 0 0 0 1
4 -4.3464e-06 -1 3.82872e-06 0.291901
4 -1 4.34641e-06 1.22606e-06 -0.5403
4 -1.22607e-06 -3.82871e-06 -1 0.147998
4 0 0 0 1
5 -3.6536e-06 -1 -1.02396e-05 -0.2581
5 -1 3.65353e-06 6.63275e-06 0.433702
5 -6.63271e-06 1.02396e-05 -1 0.148003
5 0 0 0 1
5 -0.440758 -0.896468 -0.0455891 -0.125116
5 -0.840209 0.39416 0.372406 0.502959
5 -0.315881 0.202445 -0.926949 0.259907
5 0 0 0 1
5 -0.840316 -0.540201 0.0453002 0.0179399
5 -0.478842 0.77884 0.405115 0.532584
5 -0.254125 0.318733 -0.913143 0.252684
5 0 0 0 1
5 -0.849806 -0.490856 0.192067 0.0427851
5 -0.167988 0.597603 0.783997 0.612664
5 -0.499609 0.633981 -0.590305 0.368313
5 0 0 0 1
5 -0.749717 -0.578619 0.321129 0.143109
5 0.135494 0.340768 0.930332 0.577098
5 -0.647739 0.740998 -0.17708 0.560097
5 0 0 0 1
5 -0.578123 -0.633074 0.514773 0.23937
5 0.492144 0.232667 0.838845 0.586868
5 -0.650821 0.738298 0.177053 0.641137
5 0 0 0 1
5 -0.424812 -0.514868 0.744611 0.38757
5 0.842466 0.0762049 0.533332 0.493117
5 -0.331339 0.853876 0.401386 0.725489
5 0 0 0 1
5 -0.198268 -0.53593 0.820651 0.493094
5 0.978238 -0.160437 0.131567 0.349385
5 0.061152 0.828878 0.556077 0.798307
5 0 0 0 1
5 -0.0415848 -0.684427 0.727895 0.541178
5 0.895522 -0.348599 -0.27662 0.177579
5 0.44307 0.640342 0.627416 0.855046
5 0 0 0 1
5 -0.0557374 -0.865276 0.498188 0.528051
5 0.685421 -0.395977 -0.611066 0.00283402
5 0.726011 0.307409 0.615149 0.892966
5 0 0 0 1
5 -0.248069 -0.948947 0.194837 0.460427
5 0.483527 -0.295568 -0.823918 -0.151838
5 0.839442 -0.110179 0.532163 0.911257
5 0 0 0 1
5 -0.298307 -0.944851 0.135168 0.442619
5 0.456282 -0.265554 -0.849286 -0.177295
5 0.838343 -0.191673 0.510335 0.912561
5 0 0 0 1
5 0.103642 -0.962085 0.252292 0.606328
5 0.511481 -0.165993 -0.84311 -0.243487
5 0.853022 0.216424 0.474884 0.785865
5 0 0 0 1
5 0.0905146 -0.776142 0.624028 0.756955
5 0.696579 -0.398479 -0.596651 -0.0896128
5 0.711747 0.488691 0.504576 0.675226
5 0 0 0 1
5 0.359456 -0.670509 0.649006 0.765738
5 0.592999 -0.372874 -0.713665 -0.148101
5 0.720516 0.641391 0.263579 0.57157
5 0 0 0 1
5 0.218909 -0.625768 0.748661 0.716893
5 0.547356 -0.556425 -0.625134 -0.14293
5 0.807763 0.546631 0.220711 0.598072
5 0 0 0 1
5 0.103213 -0.360566 0.927006 0.73533
5 0.527238 -0.770447 -0.358374 -0.0665572
5 0.843426 0.525741 0.110584 0.527462
5 0 0 0 1
5 0.278666 -0.247031 0.928074 0.702787
5 0.359775 -0.869132 -0.339369 -0.105945
5 0.890453 0.428468 -0.153322 0.475305
5 0 0 0 1
5 0.424679 0.252584 0.869396 0.697454
5 0.452307 -0.891055 0.0379353 0.0995953
5 0.784261 0.377123 -0.492658 0.306514
5 0 0 0 1
5 0.646193 0.501074 0.575638 0.656248
5 0.573615 -0.816403 0.0667308 0.0309874
5 0.50339 0.287073 -0.814977 0.211518
5 0 0 0 1
5 0.77125 0.619255 0.147296 0.566385
5 0.62707 -0.778915 -0.00869568 -0.0101616
5 0.109347 0.0990717 -0.989054 0.191612
5 0 0 0 1
5 0.988056 0.112999 0.104771 0.555759
5 0.117341 -0.992431 -0.0362267 -0.165285
5 0.0998845 0.0480879 -0.993836 0.18076
5 0 0 0 1
5 0.899954 -0.431728 0.0607793 0.503635
5 -0.429823 -0.901926 -0.0422067 -0.312454
5 0.0730403 0.0118597 -0.997258 0.16987
5 0 0 0 1
5 0.532949 -0.845819 0.0235582 0.413546
5 -0.84535 -0.533449 -0.0285649 -0.440679
5 0.0367278 -0.0046913 -0.999314 0.158948
5 0 0 0 1
5 -4.3464e-06 -1 3.82872e-06 0.291901
5 -1 4.34641e-06 1.22606e-06 -0.5403
5 -1.22607e-06 -3.82871e-06 -1 0.147998
5 0 0 0 1
6 -3.6536e-06 -1 -1.02396e-05 -0.2581
6 -1 3.65353e-06 6.63275e-06 0.433702
6 -6.63271e-06 1.02396e-05 -1 0.148003
6 0 0 0 1
6 -0.534613 -0.845005 -0.012437 -0.113975
6 -0.84496 0.534203 0.0258782 0.493633
6 -0.0152233 0.0243436 -0.999588 0.147676
6 0 0 0 1
6 -0.566105 -0.799447 -0.201019 -0.0542771
6 -0.794609 0.464325 0.39115 0.457703
6 -0.219366 0.381164 -0.898105 0.338786
6 0 0 0 1
6 -0.742564 -0.661148 -0.107157 0.019423
6 -0.599097 0.584114 0.547625 0.484067
6 -0.299469 0.470844 -0.829834 0.354968
6 0 0 0 1
6 -0.923908 -0.338143 0.179035 0.179889
6 -0.0961564 0.658109 0.746757 0.498071
6 -0.370335 0.67272 -0.640547 0.398327
6 0 0 0 1
6 -0.848962 -0.0621771 0.524783 0.344485
6 0.428722 0.499566 0.752749 0.453136
6 -0.308968 0.864041 -0.397456 0.455111
6 0 0 0 1
6 -0.569966 0.0380242 0.820788 0.488397
6 0.812649 0.173688 0.556268 0.347637
6 -0.121409 0.984066 -0.129897 0.521653
6 0 0 0 1
6 -0.227904 -0.0931133 0.969221 0.587263
6 0.961611 -0.177791 0.209034 0.192078
6 0.152855 0.979653 0.130058 0.593349
6 0 0 0 1
6 0.0162642 -0.401333 0.915788 0.62341
6 0.894122 -0.404111 -0.192976 0.00759737
6 0.447528 0.821965 0.352268 0.665333
6 0 0 0 1
6 0.0633346 -0.74313 0.666143 0.590342
6 0.726262 -0.423488 -0.541481 -0.178649
6 0.684494 0.518089 0.512886 0.733153
6 0 0 0 1
6 -0.074576 -0.956818 0.280958 0.494076
6 0.603849 -0.267545 -0.750857 -0.33967
6 0.793602 0.11366 0.597727 0.793334
6 0 0 0 1
6 -0.224761 -0.852232 0.472423 0.486368
6 0.539358 -0.512592 -0.668089 -0.311919
6 0.811527 0.104645 0.574868 0.756626
6 0 0 0 1
6 -0.236046 -0.903239 0.358388 0.48541
6 0.43864 -0.428137 -0.790122 -0.45662
6 0.867108 -0.0293019 0.497257 0.689432
6 0 0 0 1
6 -0.410423 -0.881847 0.232161 0.474399
6 0.279051 -0.363834 -0.888682 -0.543915
6 0.86815 -0.29995 0.395406 0.592177
6 0 0 0 1
6 -0.206151 -0.960227 0.188325 0.380142
6 0.0716749 -0.20676 -0.975763 -0.622895
6 0.975892 -0.187656 0.111448 0.485623
6 0 0 0 1
6 -0.153081 -0.964585 0.214805 0.282278
6 -0.103483 -0.200525 -0.974208 -0.701206
6 0.98278 -0.171361 -0.0691218 0.422483
6 0 0 0 1
6 0.168175 -0.915072 0.366552 0.279338
6 -0.384273 -0.403289 -0.830477 -0.669218
6 0.907773 -0.00119078 -0.41946 0.342386
6 0 0 0 1
6 0.068672 -0.939242 0.336315 0.241905
6 -0.716715 -0.280948 -0.638269 -0.678049
6 0.693977 -0.197211 -0.692462 0.257018
6 0 0 0 1
6 0.24394 -0.947405 0.207163 0.311466
6 -0.932397 -0.287867 -0.218558 -0.57859
6 0.266699 -0.139843 -0.95358 0.151248
6 0 0 0 1
6 -4.3464e-06 -1 3.82872e-06 0.291901
6 -1 4.34641e-06 1.22606e-06 -0.5403
6 -1.22607e-06 -3.82871e-06 -1 0.147998
6 0 0 0 1
7 -3.6536e-06 -1 -1.02396e-05 -0.2581
7 -1 3.65353e-06 6.63275e-06 0.433702
7 -6.63271e-06 1.02396e-05 -1 0.148003
7 0 0 0 1
7 -0.0349964 -0.996892 -0.070586 -0.217586
7 -0.974584 0.0184048 0.223264 0.372248
7 -0.221271 0.0766054 -0.972199 0.301162
7 0 0 0 1
7 -0.257433 -0.849479 -0.460558 -0.242896
7 -0.908181 0.0499034 0.415592 0.351584
7 -0.330054 0.525257 -0.784328 0.469831
7 0 0 0 1
7 -0.449186 -0.728036 -0.517876 -0.1187
7 -0.630793 -0.152068 0.760904 0.336848
7 -0.632718 0.66846 -0.390933 0.617893
7 0 0 0 1
7 -0.512302 -0.720039 -0.468071 -0.106003
7 -0.598647 -0.0913775 0.795784 0.362645
7 -0.615767 0.687891 -0.384236 0.613427
7 0 0 0 1
7 -0.766635 -0.609904 -0.200719 -0.00770625
7 -0.370009 0.164161 0.914409 0.476811
7 -0.524751 0.775286 -0.351522 0.582264
7 0 0 0 1
7 -0.906746 -0.411223 0.0933076 0.146897
7 -0.0513746 0.327363 0.943501 0.554674
7 -0.418535 0.850722 -0.317962 0.535356
7 0 0 0 1
7 -0.90599 -0.177326 0.384367 0.340785
7 0.299925 0.371854 0.878504 0.572159
7 -0.29871 0.911197 -0.283711 0.473582
7 0 0 0 1
7 -0.765369 0.0333278 0.642728 0.547314
7 0.621412 0.298178 0.724525 0.513791
7 -0.1675 0.953928 -0.248927 0.398289
7 0 0 0 1
7 -0.494411 0.264567 0.827987 0.64648
7 0.868567 0.113202 0.48247 0.350201
7 0.0339162 0.9577 -0.285762 0.372103
7 0 0 0 1
7 -0.256344 0.646418 0.718632 0.625392
7 0.966516 0.162482 0.198613 0.281108
7 0.0116224 0.745482 -0.666424 0.233336
7 0 0 0 1
7 -0.412528 0.811074 0.414704 0.480836
7 0.909927 0.388401 0.145522 0.323285
7 -0.0430424 0.437382 -0.898245 0.127499
7 0 0 0 1
7 -0.230009 0.967742 0.102819 0.464738
7 0.972714 0.22531 0.0553484 0.277556
7 0.0303968 0.112744 -0.993159 0.130752
7 0 0 0 1
7 0.322807 0.941684 0.0950055 0.534704
7 0.945083 -0.32613 0.0213794 0.140532
7 0.0511168 0.0828867 -0.995247 0.133542
7 0 0 0 1
7 0.776764 0.624962 0.0778512 0.565601
7 0.627102 -0.778927 -0.00398695 -0.0108597
7 0.0581487 0.0519176 -0.996957 0.136368
7 0 0 0 1
7 0.991843 0.114771 0.055455 0.554829
7 0.115954 -0.99308 -0.018606 -0.165638
7 0.0529358 0.0248845 -0.998288 0.139227
7 0 0 0 1
7 0.901408 -0.431767 0.0322771 0.502831
7 -0.43125 -0.901966 -0.0219062 -0.312478
7 0.0385712 0.00582692 -0.999239 0.142119
7 0 0 0 1
7 0.532992 -0.846027 0.0125973 0.413091
7 -0.8459 -0.533134 -0.0148962 -0.440546
7 0.0193186 -0.0027165 -0.99981 0.145043
7 0 0 0 1
7 -4.3464e-06 -1 3.82872e-06 0.291901
7 -1 4.34641e-06 1.22606e-06 -0.5403
7 -1.22607e-06 -3.82871e-06 -1 0.147998
7 0 0 0 1
8 -3.6536e-06 -1 -1.02396e-05 -0.2581
8 -1 3.65353e-06 6.63275e-06 0.433702
8 -6.63271e-06 1.02396e-05 -1 0.148003
8 0 0 0 1
8 -0.385342 -0.90739 -0.167795 -0.126796
8 -0.87748 0.304049 0.370921 0.532269
8 -0.285552 0.290169 -0.913379 0.234956
8 0 0 0 1
8 -0.799886 -0.598585 -0.0433356 0.0674879
8 -0.561569 0.721038 0.405887 0.538521
8 -0.211712 0.349 -0.912895 0.24232
8 0 0 0 1
8 -0.814547 -0.484221 0.319443 0.181089
8 -0.26906 0.803215 0.531463 0.562041
8 -0.513927 0.346952 -0.78454 0.323582
8 0 0 0 1
8 -0.759582 -0.294483 0.579927 0.363654
8 0.164064 0.776048 0.60896 0.502836
8 -0.629379 0.557701 -0.541158 0.447898
8 0 0 0 1
8 -0.819915 -0.13953 0.555221 0.398988
8 0.23393 0.803523 0.547383 0.46862
8 -0.522509 0.57869 -0.62618 0.411372
8 0 0 0 1
8 -0.852756 0.267053 0.448875 0.459686
8 0.461398 0.787926 0.407779 0.372652
8 -0.244782 0.554847 -0.795127 0.33189
8 0 0 0 1
8 -0.688368 0.669665 0.278743 0.487184
8 0.724729 0.618921 0.302826 0.26251
8 0.0302722 0.410469 -0.911372 0.262022
8 0 0 0 1
8 -0.72101 0.679694 0.134762 0.382991
8 0.689236 0.683437 0.240556 0.395311
8 0.0714034 0.266326 -0.961235 0.204528
8 0 0 0 1
8 -0.243638 0.955494 0.166347 0.484008
8 0.961696 0.21579 0.169042 0.276658
8 0.125623 0.20116 -0.97147 0.196109
8 0 0 0 1
8 0.308971 0.935509 0.171349 0.550044
8 0.939248 -0.328457 0.099647 0.135525
8 0.149501 0.130151 -0.980158 0.187805
8 0 0 0 1
8 0.766249 0.623912 0.153609 0.576399
8 0.625938 -0.778801 0.0408742 -0.0180092
8 0.145133 0.0648301 -0.987286 0.179615
8 0 0 0 1
8 0.98602 0.116185 0.119436 0.561222
8 0.117117 -0.993118 -0.000786498 -0.172983
8 0.118523 0.0147635 -0.992842 0.171541
8 0 0 0 1
8 0.899405 -0.430322 0.076775 0.505638
8 -0.430001 -0.902572 -0.0215136 -0.318347
8 0.0785528 -0.0136639 -0.996816 0.163581
8 0 0 0 1
8 0.532822 -0.845535 0.034226 0.413661
8 -0.845478 -0.533616 -0.020506 -0.443753
8 0.0356021 -0.0180113 -0.999204 0.155734
8 0 0 0 1
8 -4.3464e-06 -1 3.82872e-06 0.291901
8 -1 4.34641e-06 1.22606e-06 -0.5403
8 -1.22607e-06 -3.82871e-06 -1 0.147998
8 0 0 0 1
9 -3.6536e-06 -1 -1.02396e-05 -0.2581
9 -1 3.65353e-06 6.63275e-06 0.433702
9 -6.63271e-06 1.02396e-05 -1 0.148003
9 0 0 0 1
9 -0.532533 -0.846209 -0.0184006 -0.129912
9 -0.846137 0.531685 0.0369105 0.496591
9 -0.0214507 0.0352255 -0.999149 0.148979
9 0 0 0 1
9 -0.685219 -0.70199 -0.194129 -0.190806
9 -0.707521 0.578286 0.406201 0.523262
9 -0.172887 0.415687 -0.892925 0.319949
9 0 0 0 1
9 -0.925445 -0.378877 -0.00200116 -0.0246209
9 -0.268128 0.651178 0.709982 0.586857
9 -0.267693 0.657586 -0.704217 0.367303
9 0 0 0 1
9 -0.943018 -0.0766164 0.3238 0.160377
9 0.246583 0.492474 0.834665 0.589928
9 -0.223412 0.866948 -0.44552 0.430228
9 0 0 0 1
9 -0.740057 0.0749912 0.66835 0.33911
9 0.67109 0.147663 0.726522 0.523939
9 -0.044208 0.986191 -0.159605 0.503522
9 0 0 0 1
9 -0.42294 0.000197698 0.906158 0.483293
9 0.876561 -0.253398 0.409182 0.393878
9 0.229699 0.967362 0.106999 0.580681
9 0 0 0 1
9 -0.152164 -0.27476 0.949396 0.569426
9 0.834485 -0.550437 -0.0255529 0.218393
9 0.529604 0.788369 0.31304 0.655199
9 0 0 0 1
9 -0.0605611 -0.623115 0.779782 0.585353
9 0.629614 -0.630046 -0.454564 0.0252421
9 0.774544 0.463433 0.430478 0.721795
9 0 0 0 1
9 -0.184021 -0.87358 0.450549 0.532916
9 0.412728 -0.484685 -0.771192 -0.156004
9 0.892072 0.0440387 0.449743 0.777289
9 0 0 0 1
9 -0.443789 -0.894191 0.0589428 0.42607
9 0.317901 -0.218589 -0.922582 -0.301053
9 0.837849 -0.390694 0.381271 0.820985
9 0 0 0 1
9 -0.691114 -0.658958 -0.296876 0.285768
9 0.390028 0.00577469 -0.920785 -0.395208
9 0.608473 -0.752158 0.253021 0.85449
9 0 0 0 1
9 -0.731178 -0.574798 -0.367405 0.25049
9 0.425921 0.0360569 -0.904042 -0.40923
9 0.532889 -0.817501 0.218454 0.861193
9 0 0 0 1
9 -0.841284 -0.475416 -0.257335 0.229593
9 0.386745 -0.196695 -0.900966 -0.360275
9 0.377717 -0.857491 0.349341 0.912088
9 0 0 0 1
9 -0.870007 -0.491543 -0.038383 0.296603
9 0.287373 -0.442296 -0.849583 -0.333404
9 0.40063 -0.750174 0.526056 0.893141
9 0 0 0 1
9 -0.933107 -0.326026 0.15172 0.347273
9 0.114706 -0.669727 -0.733695 -0.308782
9 0.340815 -0.667212 0.662324 0.896996
9 0 0 0 1
9 -0.641326 -0.630311 0.437504 0.530127
9 0.205481 -0.690475 -0.693557 -0.320109
9 0.739242 -0.354897 0.572336 0.787371
9 0 0 0 1
9 -0.557074 -0.443706 0.701993 0.639243
9 0.114414 -0.878248 -0.464317 -0.265706
9 0.822544 -0.178341 0.540015 0.735756
9 0 0 0 1
9 -0.153899 -0.626269 0.764266 0.681601
9 0.0178508 -0.775117 -0.631565 -0.447671
9 0.987925 -0.0835543 0.130469 0.488469
9 0 0 0 1
9 0.177654 -0.663685 0.726609 0.668818
9 -0.186008 -0.747691 -0.637463 -0.439262
9 0.966354 -0.0219074 -0.256281 0.397403
9 0 0 0 1
9 0.218062 -0.771537 0.597645 0.604219
9 -0.54259 -0.604858 -0.582875 -0.53484
9 0.811199 -0.197173 -0.550525 0.244801
9 0 0 0 1
9 0.166775 -0.839279 0.51749 0.537819
9 -0.763984 -0.44178 -0.470276 -0.560027
9 0.623309 -0.316924 -0.714874 0.26438
9 0 0 0 1
9 0.00374258 -0.938497 0.345268 0.436766
9 -0.955451 -0.105255 -0.275743 -0.567861
9 0.295125 -0.328855 -0.897082 0.173391
9 0 0 0 1
9 -4.3464e-06 -1 3.82872e-06 0.291901
9 -1 4.34641e-06 1.22606e-06 -0.5403
9 -1.22607e-06 -3.82871e-06 -1 0.147998
9 0 0 0 1
10 -3.6536e-06 -1 -1.02396e-05 -0.2581
10 -1 3.65353e-06 6.63275e-06 0.433702
10 -6.63271e-06 1.02396e-05 -1 0.148003
10 0 0 0 1
10 0.117916 -0.992687 -0.0258704 -0.24
10 -0.931024 -0.119577 0.344813 0.43611
10 -0.345385 -0.0165729 -0.938315 0.195512
10 0 0 0 1
10 -0.0478654 -0.998518 -0.0259072 -0.208654
10 -0.908657 0.0327578 0.416256 0.466603
10 -0.414791 0.043465 -0.908878 0.210409
10 0 0 0 1
10 -0.54543 -0.835832 0.0623751 -0.0805073
10 -0.625784 0.455607 0.633101 0.545994
10 -0.557584 0.306279 -0.771552 0.268385
10 0 0 0 1
10 -0.836262 -0.479806 0.265429 0.0763931
10 -0.117917 0.630104 0.767505 0.580416
10 -0.535501 0.610537 -0.583509 0.33859
10 0 0 0 1
10 -0.841739 -0.110935 0.528365 0.243726
10 0.417835 0.485896 0.767671 0.55818
10 -0.341892 0.866948 -0.362645 0.418438
10 0 0 0 1
10 -0.623566 0.0899521 0.776579 0.398431
10 0.781564 0.0946098 0.616609 0.476178
10 -0.0180067 0.991442 -0.129299 0.504621
10 0 0 0 1
10 -0.348792 0.036531 0.936488 0.517054
10 0.867472 -0.365634 0.33735 0.341604
10 0.354735 0.930042 0.0958405 0.593393
10 0 0 0 1
10 -0.197477 -0.217999 0.955761 0.580545
10 0.711007 -0.703056 -0.0134527 0.171409
10 0.674886 0.676896 0.293836 0.680878
10 0 0 0 1
10 -0.26371 -0.512802 0.817002 0.578304
10 0.458897 -0.811691 -0.361346 -0.0104689
10 0.848452 0.279629 0.449374 0.763377
10 0 0 0 1
10 -0.506339 -0.671492 0.541036 0.510524
10 0.27859 -0.721143 -0.634304 -0.17746
10 0.816094 -0.170446 0.552213 0.837639
10 0 0 0 1
10 -0.19783 -0.732652 0.651218 0.627529
10 0.196246 -0.6805 -0.705979 -0.246707
10 0.960391 -0.0118647 0.278404 0.645704
10 0 0 0 1
10 -0.1583 -0.858242 0.488224 0.598275
10 0.0215752 -0.497347 -0.867283 -0.349826
10 0.987155 -0.126758 0.0972469 0.534373
10 0 0 0 1
10 0.0537708 -0.801779 0.595197 0.545333
10 -0.055408 -0.597537 -0.799925 -0.395687
10 0.997015 0.0100339 -0.076555 0.517091
10 0 0 0 1
10 -0.0175345 -0.725973 0.687499 0.633553
10 -0.307139 -0.650448 -0.694682 -0.335278
10 0.951503 -0.223339 -0.211569 0.440418
10 0 0 0 1
10 -0.072492 -0.692279 0.71798 0.60544
10 -0.541535 -0.577198 -0.611214 -0.416006
10 0.837547 -0.433119 -0.333051 0.407225
10 0 0 0 1
10 0.316219 -0.859736 0.401073 0.53288
10 -0.750188 -0.485394 -0.449012 -0.415713
10 0.58071 -0.158894 -0.798454 0.223492
10 0 0 0 1
10 0.17344 -0.984834 0.00453802 0.344133
10 -0.933922 -0.165933 -0.316631 -0.528401
10 0.312582 0.0506785 -0.948538 0.13694
10 0 0 0 1
10 -4.3464e-06 -1 3.82872e-06 0.291901
10 -1 4.34641e-06 1.22606e-06 -0.5403
10 -1.22607e-06 -3.82871e-06 -1 0.147998
10 0 0 0 1
11 -3.6536e-06 -1 -1.02396e-05 -0.2581
11 -1 3.65353e-06 6.63275e-06 0.433702
11 -6.63271e-06 1.02396e-05 -1 0.148003
11 0 0 0 1
11 -0.533648 -0.845671 -0.00777113 -0.114913
11 -0.845196 0.532984 0.0396498 0.497407
11 -0.0293888 0.0277271 -0.999183 0.154323
11 0 0 0 1
11 -0.755582 -0.651043 -0.0723849 0.0625928
11 -0.638894 0.708035 0.300833 0.531539
11 -0.144604 0.27355 -0.950926 0.256005
11 0 0 0 1
11 -0.728061 -0.658803 0.18949 0.151186
11 -0.369017 0.609604 0.701576 0.574447
11 -0.577714 0.440865 -0.686938 0.375738
11 0 0 0 1
11 -0.823454 -0.282005 0.492337 0.327393
11 0.177107 0.696621 0.695236 0.524333
11 -0.539032 0.659691 -0.52369 0.42045
11 0 0 0 1
11 -0.637679 0.0276716 0.769805 0.482847
11 0.671484 0.509664 0.537914 0.418137
11 -0.377457 0.859928 -0.343583 0.470168
11 0 0 0 1
11 -0.273637 0.125057 0.953668 0.598381
11 0.955699 0.147151 0.254924 0.264834
11 -0.108453 0.981177 -0.159783 0.523034
11 0 0 0 1
11 0.0933613 -0.0361638 0.994975 0.659127
11 0.970249 -0.220912 -0.0990705 0.080446
11 0.223385 0.974623 0.0144632 0.577051
11 0 0 0 1
11 0.297441 -0.380193 0.875775 0.657187
11 0.778746 -0.434066 -0.452924 -0.114231
11 0.552343 0.816725 0.166964 0.630253
11 0 0 0 1
11 0.260471 -0.745967 0.612934 0.593041
11 0.53187 -0.418966 -0.735923 -0.296864
11 0.805772 0.517688 0.287629 0.680865
11 0 0 0 1
11 0.0267071 -0.967063 0.253133 0.475405
11 0.388067 -0.223334 -0.894162 -0.447101
11 0.921244 0.122113 0.36932 0.727438
11 0 0 0 1
11 -0.26469 -0.95421 -0.139364 0.319599
11 0.431406 0.0120814 -0.902077 -0.549605
11 0.862455 -0.298893 0.408454 0.76895
11 0 0 0 1
11 -0.455284 -0.73761 -0.498645 0.144862
11 0.629384 0.129509 -0.766227 -0.596026
11 0.629756 -0.66269 0.405277 0.804862
11 0 0 0 1
11 -0.478535 -0.623806 -0.617956 0.0758155
11 0.722585 0.120079 -0.680773 -0.598517
11 0.498874 -0.7723 0.393291 0.81735
11 0 0 0 1
11 -0.461069 -0.811685 -0.358585 0.231032
11 0.648319 -0.0322163 -0.760687 -0.70482
11 0.605885 -0.583207 0.541085 0.711631
11 0 0 0 1
11 -0.146281 -0.988456 -0.0394503 0.467591
11 0.30131 -0.00653532 -0.953504 -0.711857
11 0.942239 -0.151366 0.298788 0.468835
11 0 0 0 1
11 0.167322 -0.974629 0.148667 0.413612
11 0.271937 -0.0993197 -0.957176 -0.732242
11 0.947657 0.200585 0.24842 0.4884
11 0 0 0 1
11 0.0641009 -0.931204 0.358818 0.483665
11 0.0694671 -0.354521 -0.932464 -0.652958
11 0.995523 0.0846978 0.0419629 0.452812
11 0 0 0 1
11 0.180622 -0.742178 0.645405 0.566129
11 -0.0713152 -0.664353 -0.744009 -0.588649
11 0.980964 0.0883574 -0.172926 0.40804
11 0 0 0 1
11 0.0449738 -0.897287 0.439151 0.434102
11 -0.399466 -0.419074 -0.815355 -0.67431
11 0.915644 -0.138756 -0.377283 0.337655
11 0 0 0 1
11 0.194568 -0.962131 0.190909 0.263721
11 -0.721433 -0.272234 -0.636729 -0.707213
11 0.664589 -0.0138406 -0.747081 0.219824
11 0 0 0 1
11 0.207653 -0.957084 0.202165 0.321535
11 -0.89053 -0.270478 -0.365784 -0.605227
11 0.404767 -0.104078 -0.908477 0.233491
11 0 0 0 1
11 -4.3464e-06 -1 3.82872e-06 0.291901
11 -1 4.34641e-06 1.22606e-06 -0.5403
11 -1.22607e-06 -3.82871e-06 -1 0.147998
11 0 0 0 1
12 -3.6536e-06 -1 -1.02396e-05 -0.2581
12 -1 3.65353e-06 6.63275e-06 0.433702
12 -6.63271e-06 1.02396e-05 -1 0.148003
12 0 0 0 1
12 -0.213987 -0.965431 0.148836 -0.0613489
12 -0.966103 0.231689 0.113862 0.492563
12 -0.144409 -0.119426 -0.982285 0.185063
12 0 0 0 1
12 -0.512888 -0.842641 0.164017 -0.0113672
12 -0.669361 0.512172 0.538177 0.581253
12 -0.537495 0.166238 -0.826719 0.263135
12 0 0 0 1
12 -0.839395 -0.463571 0.283756 0.126131
12 -0.324328 0.846139 0.422919 0.553056
12 -0.43615 0.262966 -0.860594 0.239177
12 0 0 0 1
12 -0.898038 -0.343553 0.27477 0.193402
12 -0.0964238 0.763126 0.639016 0.625218
12 -0.42922 0.547366 -0.718443 0.191998
12 0 0 0 1
12 -0.880573 -0.0190789 0.473526 0.254199
12 0.342628 0.664679 0.663934 0.645337
12 -0.32741 0.746885 -0.578761 0.1872
12 0 0 0 1
12 -0.640817 -0.0216606 0.767388 0.387808
12 0.65175 0.512878 0.558729 0.623747
12 -0.405679 0.858188 -0.314544 0.209537
12 0 0 0 1
12 -0.662259 0.0846258 0.744481 0.400595
12 0.655905 0.545809 0.521423 0.590442
12 -0.362218 0.833625 -0.416973 0.197934
12 0 0 0 1
12 -0.658642 0.382179 0.648175 0.420251
12 0.714263 0.588505 0.378801 0.500224
12 -0.236685 0.712461 -0.66059 0.175574
12 0 0 0 1
12 -0.549912 0.680272 0.484588 0.421924
12 0.824601 0.534431 0.185517 0.405556
12 -0.132777 0.50161 -0.854844 0.166118
12 0 0 0 1
12 -0.184248 0.918495 0.349884 0.456711
12 0.973158 0.220419 -0.0661683 0.264368
12 -0.137896 0.328301 -0.934453 0.168468
12 0 0 0 1
12 -0.223015 0.970844 0.0878949 0.487914
12 0.971903 0.228408 -0.0568758 0.213936
12 -0.0752934 0.0727411 -0.994505 0.169318
12 0 0 0 1
12 0.328226 0.942764 0.0588577 0.539752
12 0.943679 -0.32452 -0.0644691 0.0840946
12 -0.0416786 0.0767032 -0.996182 0.165881
12 0 0 0 1
12 0.780206 0.62468 0.0324712 0.557859
12 0.62538 -0.777864 -0.0618666 -0.0557103
12 -0.0133887 0.0685755 -0.997556 0.162396
12 0 0 0 1
12 0.993413 0.113984 0.0117821 0.540507
12 0.114441 -0.992116 -0.0510809 -0.196771
12 0.00586684 0.0520928 -0.998625 0.158863
12 0 0 0 1
12 0.901689 -0.432384 -0.00104836 0.48821
12 -0.432153 -0.901123 -0.034941 -0.330144
12 0.0141632 0.0319589 -0.999389 0.155285
12 0 0 0 1
12 0.532792 -0.846232 -0.00494282 0.403721
12 -0.846168 -0.532653 -0.0167663 -0.447224
12 0.0115554 0.0131154 -0.999847 0.151663
12 0 0 0 1
12 -4.3464e-06 -1 3.82872e-06 0.291901
12 -1 4.34641e-06 1.22606e-06 -0.5403
12 -1.22607e-06 -3.82871e-06 -1 0.147998
12 0 0 0 1
13 -3.6536e-06 -1 -1.02396e-05 -0.2581
13 -1 3.65353e-06 6.63275e-06 0.433702
13 -6.63271e-06 1.02396e-05 -1 0.148003
13 0 0 0 1
13 -0.24516 -0.922542 -0.298014 -0.264856
13 -0.892868 0.0950853 0.440165 0.496832
13 -0.377734 0.373998 -0.84702 0.244151
13 0 0 0 1
13 -0.705214 -0.692636 -0.151423 -0.107821
13 -0.652497 0.550497 0.520769 0.560298
13 -0.277345 0.466057 -0.840161 0.244784
13 0 0 0 1
13 -0.966669 -0.255561 0.0155 0.0644528
13 -0.204628 0.807563 0.553144 0.577484
13 -0.153879 0.531536 -0.832941 0.245209
13 0 0 0 1
13 -0.950118 0.249511 0.187134 0.238238
13 0.31156 0.78688 0.532682 0.54493
13 -0.014342 0.564414 -0.825367 0.245428
13 0 0 0 1
13 -0.669414 0.619965 0.409302 0.407355
13 0.729868 0.446147 0.517925 0.476882
13 0.138487 0.645443 -0.751149 0.26856
13 0 0 0 1
13 -0.628376 0.658861 0.413577 0.296345
13 0.711741 0.272372 0.647486 0.488897
13 0.313956 0.701224 -0.640091 0.365501
13 0 0 0 1
13 -0.482968 0.467726 0.740253 0.350846
13 0.817154 -0.0630251 0.572964 0.454537
13 0.314645 0.881624 -0.351765 0.447615
13 0 0 0 1
13 -0.257356 0.214069 0.942307 0.38461
13 0.865923 -0.381721 0.323212 0.391415
13 0.428888 0.899146 -0.0871293 0.529153
13 0 0 0 1
13 -0.00164761 -0.0577489 0.99833 0.393622
13 0.7841 -0.619672 -0.0345512 0.308352
13 0.620632 0.782734 0.0463019 0.593666
13 0 0 0 1
13 0.233386 -0.307551 0.922466 0.379189
13 0.541016 -0.747201 -0.385995 0.221452
13 0.807981 0.589154 -0.00799614 0.631981
13 0 0 0 1
13 0.412466 -0.508362 0.755936 0.346696
13 0.167532 -0.773329 -0.61147 0.147835
13 0.895435 0.378854 -0.233805 0.645558
13 0 0 0 1
13 0.525409 -0.649489 0.549644 0.303017
13 -0.249572 -0.735221 -0.630209 0.0989817
13 0.813424 0.193942 -0.548386 0.645582
13 0 0 0 1
13 0.547901 -0.680181 0.486989 0.288696
13 -0.365607 -0.718303 -0.591922 0.089692
13 0.75242 0.146268 -0.642238 0.645342
13 0 0 0 1
13 0.427768 -0.676609 0.599345 0.395336
13 -0.0886276 -0.691276 -0.717135 0.159052
13 0.899533 0.253649 -0.355672 0.603999
13 0 0 0 1
13 0.274355 -0.730352 0.625552 0.438942
13 0.0056037 -0.649288 -0.760522 0.12433
13 0.961612 0.212158 -0.174043 0.623464
13 0 0 0 1
13 0.294609 -0.707133 0.642781 0.487585
13 0.225549 -0.602176 -0.76584 0.0514706
13 0.928619 0.370602 -0.0179136 0.653953
13 0 0 0 1
13 0.0322322 -0.85477 0.518005 0.554713
13 0.0276698 -0.517312 -0.855349 -0.013953
13 0.999097 0.0419029 0.00697722 0.623693
13 0 0 0 1
13 -0.0386215 -0.741164 0.670212 0.673875
13 0.11957 -0.669322 -0.733288 0.0693158
13 0.992074 0.0518166 0.114471 0.578594
13 0 0 0 1
13 -0.237441 -0.850442 0.469437 0.694413
13 0.069188 -0.496835 -0.865082 -0.124853
13 0.968935 -0.172927 0.17681 0.618102
13 0 0 0 1
13 -0.0129657 -0.931872 0.362556 0.610845
13 0.255392 -0.353647 -0.899838 -0.29673
13 0.966751 0.0809271 0.242578 0.67563
13 0 0 0 1
13 0.149405 -0.913361 0.378747 0.660159
13 0.267626 -0.331395 -0.90474 -0.453817
13 0.951869 0.236536 0.194927 0.53557
13 0 0 0 1
13 -0.205691 -0.856572 0.473261 0.627054
13 0.283728 -0.515029 -0.808853 -0.50215
13 0.936584 -0.0320966 0.348971 0.595176
13 0 0 0 1
13 -0.0643741 -0.561402 0.825036 0.717834
13 0.136687 -0.823919 -0.549977 -0.321314
13 0.98852 0.077367 0.129775 0.528639
13 0 0 0 1
13 0.392985 -0.32527 0.860094 0.717646
13 0.0607214 -0.924127 -0.37723 -0.245406
13 0.917538 0.200472 -0.343417 0.388878
13 0 0 0 1
13 0.80131 -0.042972 0.596704 0.669267
13 0.0785864 -0.981213 -0.176196 -0.194283
13 0.593065 0.18808 -0.782879 0.243564
13 0 0 0 1
13 0.981742 0.111674 0.153983 0.568918
13 0.113958 -0.993467 -0.0060573 -0.150635
13 0.152301 0.0234943 -0.988055 0.171627
13 0 0 0 1
13 0.896453 -0.432224 0.097745 0.514558
13 -0.431211 -0.901671 -0.0323652 -0.305401
13 0.102123 -0.0131348 -0.994685 0.163513
13 0 0 0 1
13 0.531544 -0.845962 0.0425412 0.419677
13 -0.845709 -0.532849 -0.0291169 -0.438725
13 0.0472998 -0.0205006 -0.99867 0.155639
13 0 0 0 1
13 -4.3464e-06 -1 3.82872e-06 0.291901
13 -1 4.34641e-06 1.22606e-06 -0.5403
13 -1.22607e-06 -3.82871e-06 -1 0.147998
13 0 0 0 1
14 -3.6536e-06 -1 -1.02396e-05 -0.2581
14 -1 3.65353e-06 6.63275e-06 0.433702
14 -6.63271e-06 1.02396e-05 -1 0.148003
14 0 0 0 1
14 -0.210099 -0.975031 -0.0719161 -0.279142
14 -0.922586 0.173379 0.344637 0.481155
14 -0.323563 0.138757 -0.935977 0.13878
14 0 0 0 1
14 -0.0517208 -0.986836 -0.153231 -0.2846
14 -0.802107 -0.0503578 0.595053 0.433335
14 -0.594936 0.153684 -0.788944 0.27652
14 0 0 0 1
14 -0.10633 -0.99366 -0.0365261 -0.22583
14 -0.534118 0.0260931 0.845007 0.423039
14 -0.838697 0.109359 -0.533506 0.435941
14 0 0 0 1
14 -0.420717 -0.900044 0.11366 -0.190288
14 -0.136173 0.186522 0.972968 0.483923
14 -0.896914 0.393867 -0.201035 0.512291
14 0 0 0 1
14 -0.624877 -0.687039 0.370818 -0.13192
14 0.299542 0.227638 0.926529 0.518205
14 -0.720973 0.690042 0.0635509 0.592649
14 0 0 0 1
14 -0.661018 -0.38842 0.642016 -0.061224
14 0.657811 0.111693 0.744855 0.525103
14 -0.361025 0.914688 0.181676 0.664937
14 0 0 0 1
14 -0.53185 -0.0698039 0.843957 0.0101062
14 0.842389 -0.145636 0.518817 0.510877
14 0.0866949 0.986873 0.136258 0.723504
14 0 0 0 1
14 -0.291293 0.198506 0.935812 0.0737106
14 0.809168 -0.470684 0.351715 0.484632
14 0.510289 0.859681 -0.0235178 0.770308
14 0 0 0 1
14 -0.0172979 0.372054 0.92805 0.126295
14 0.578846 -0.753096 0.312705 0.452923
14 0.815253 0.542607 -0.202335 0.812746
14 0 0 0 1
14 0.219877 0.450797 0.865122 0.168136
14 0.224703 -0.886382 0.404765 0.41605
14 0.949296 0.105397 -0.296191 0.859134
14 0 0 0 1
14 0.380116 0.476038 0.793032 0.19972
14 -0.158061 -0.811345 0.562793 0.368101
14 0.911333 -0.339274 -0.233162 0.913753
14 0 0 0 1
14 0.450628 0.499018 0.740213 0.216746
14 -0.438827 -0.598254 0.670465 0.313666
14 0.777409 -0.626956 -0.0506077 0.96365
14 0 0 0 1
14 0.254582 0.249052 0.934431 0.278316
14 -0.577863 -0.735605 0.353496 0.240493
14 0.775411 -0.629966 -0.0433536 0.957702
14 0 0 0 1
14 0.0103836 -0.0702508 0.997475 0.343575
14 -0.689162 -0.723284 -0.0437658 0.229251
14 0.724533 -0.686968 -0.0559245 0.916481
14 0 0 0 1
14 -0.105444 -0.109969 0.988326 0.292849
14 -0.68649 -0.710999 -0.152353 0.180967
14 0.719453 -0.694541 -0.000522159 0.96268
14 0 0 0 1
14 -0.231846 -0.229714 0.94524 0.280392
14 -0.616091 -0.717304 -0.325434 0.0221303
14 0.752781 -0.657805 0.0247793 0.994099
14 0 0 0 1
14 -0.449931 -0.39429 0.80131 0.315962
14 -0.293419 -0.782183 -0.549631 0.144604
14 0.843485 -0.482416 0.236237 0.962577
14 0 0 0 1
14 -0.368256 -0.449091 0.814067 0.402764
14 -0.0851817 -0.85562 -0.510547 0.266811
14 0.925814 -0.257356 0.276833 0.893225
14 0 0 0 1
