0 1.66533e-16 -1 -5.32293e-16 -1.73472e-17
0 -1 -1.11022e-16 2.04359e-15 0.45
0 -2.01102e-15 5.09072e-16 -1 0.128
0 0 0 0 1
0 -0.522926 -0.851974 0.0262507 0.109662
0 -0.851761 0.523471 0.021922 0.447685
0 -0.0324184 -0.0108958 -0.999415 0.130427
0 0 0 0 1
0 -0.890098 -0.45171 0.0606914 0.21848
0 -0.450615 0.892165 0.0314394 0.420504
0 -0.0683482 0.000635749 -0.997661 0.133057
0 0 0 0 1
0 -0.905464 -0.313888 0.285674 0.236816
0 -0.156858 0.87292 0.46196 0.479298
0 -0.394374 0.373477 -0.839633 0.225816
0 0 0 0 1
0 -0.709071 -0.425096 0.562594 0.26244
0 0.0502561 0.765355 0.641643 0.511193
0 -0.703344 0.483244 -0.521327 0.341209
0 0 0 0 1
0 -0.726231 -0.395899 0.562008 0.269716
0 0.0634698 0.775418 0.62825 0.506946
0 -0.684515 0.491925 -0.538005 0.335414
0 0 0 0 1
0 -0.852718 -0.00514002 0.522346 0.345308
0 0.277421 0.842825 0.461177 0.446906
0 -0.442617 0.538163 -0.717266 0.271947
0 0 0 0 1
0 -0.798082 0.437668 0.41414 0.40344
0 0.571318 0.768055 0.289288 0.370002
0 -0.19147 0.467481 -0.863018 0.215302
0 0 0 0 1
0 -0.418728 0.786405 0.45413 0.48987
0 0.906483 0.391894 0.157185 0.267475
0 -0.05436 0.477479 -0.87696 0.20823
0 0 0 0 1
0 0.0875984 0.885588 0.456137 0.550904
0 0.993618 -0.110344 0.0234143 0.14697
0 0.0710675 0.451175 -0.889601 0.201097
0 0 0 0 1
0 0.57081 0.704416 0.421869 0.582872
0 0.80184 -0.588809 -0.101765 0.0147473
0 0.176715 0.39636 -0.900928 0.193906
0 0 0 0 1
0 0.886491 0.296014 0.355681 0.583641
0 0.384165 -0.899283 -0.20906 -0.122202
0 0.257973 0.32197 -0.910925 0.186661
0 0 0 0 1
0 0.939509 -0.217993 0.2642 0.552754
0 -0.137907 -0.946794 -0.290798 -0.256536
0 0.313535 0.236772 -0.919584 0.179365
0 0 0 0 1
0 0.712936 -0.683703 0.155794 0.491478
0 -0.610616 -0.714531 -0.341457 -0.380961
0 0.344775 0.148307 -0.926895 0.172021
0 0 0 0 1
0 0.273463 -0.961054 0.0399161 0.402751
0 -0.894039 -0.269265 -0.358036 -0.488633
0 0.35484 0.0622233 -0.932854 0.164632
0 0 0 0 1
0 0 -1 9.37637e-16 0.3
0 -1 -5.55112e-17 -1.10405e-15 -0.5
0 1.09815e-15 -9.56047e-16 -1 0.128
0 0 0 0 1
1 1.66533e-16 -1 -5.32293e-16 -1.73472e-17
1 -1 -1.11022e-16 2.04359e-15 0.45
1 -2.01102e-15 5.09072e-16 -1 0.128
1 0 0 0 1
1 -0.208397 -0.956227 0.205428 -0.0047606
1 -0.949846 0.247945 0.190565 0.490072
1 -0.233158 -0.155412 -0.95994 0.169113
1 0 0 0 1
1 -0.668601 -0.686471 0.285887 0.127811
1 -0.662915 0.724417 0.189113 0.483949
1 -0.336922 -0.0630777 -0.939417 0.177377
1 0 0 0 1
1 -0.90229 -0.214312 0.37409 0.257148
1 -0.166989 0.973692 0.155047 0.444351
1 -0.397477 0.0774282 -0.91434 0.18646
1 0 0 0 1
1 -0.902999 -0.168641 0.395162 0.340388
1 0.0754728 0.843181 0.532305 0.501837
1 -0.422961 0.510495 -0.748664 0.245035
1 0 0 0 1
1 -0.795668 0.150385 0.586769 0.43391
1 0.462413 0.77651 0.428026 0.432189
1 -0.391263 0.611896 -0.687384 0.268087
1 0 0 0 1
1 -0.431439 0.448661 0.782664 0.535243
1 0.857525 0.473413 0.201323 0.310538
1 -0.280198 0.758013 -0.588987 0.301711
1 0 0 0 1
1 0.0580124 0.484911 0.872637 0.599398
1 0.994645 0.0468185 -0.0921397 0.166634
1 -0.0855352 0.873309 -0.479598 0.33699
1 0 0 0 1
1 -0.0929909 0.826028 0.555905 0.532109
1 0.973241 0.193241 -0.124338 0.173455
1 -0.21013 0.529467 -0.821894 0.216083
1 0 0 0 1
1 -0.198649 0.969581 0.143009 0.484247
1 0.975753 0.209339 -0.0639024 0.184151
1 -0.0918961 0.126848 -0.987656 0.150337
1 0 0 0 1
1 0.345544 0.932716 0.103151 0.524999
1 0.93755 -0.338454 -0.0803032 0.0640089
1 -0.0399883 0.124457 -0.991419 0.14654
1 0 0 0 1
1 0.788405 0.61173 0.0648445 0.536728
1 0.615157 -0.784107 -0.0822092 -0.0628429
1 0.000555296 0.104704 -0.994503 0.142771
1 0 0 0 1
1 0.994126 0.103238 0.0324988 0.518538
1 0.105342 -0.991857 -0.0715695 -0.189457
1 0.0248455 0.0745725 -0.996906 0.139031
1 0 0 0 1
1 0.898745 -0.438366 0.00961818 0.471187
1 -0.437357 -0.897809 -0.0515472 -0.308839
1 0.0312318 0.0421212 -0.998624 0.135323
1 0 0 0 1
1 0.530154 -0.8479 -0.0015068 0.397047
1 -0.847631 -0.529939 -0.0261856 -0.414334
1 0.0214043 0.0151596 -0.999656 0.131645
1 0 0 0 1
1 0 -1 9.37637e-16 0.3
1 -1 -5.55112e-17 -1.10405e-15 -0.5
1 1.09815e-15 -9.56047e-16 -1 0.128
1 0 0 0 1
2 1.66533e-16 -1 -5.32293e-16 -1.73472e-17
2 -1 -1.11022e-16 2.04359e-15 0.45
2 -2.01102e-15 5.09072e-16 -1 0.128
2 0 0 0 1
2 -0.529365 -0.848394 0.000502021 0.115808
2 -0.847382 0.528762 0.0485209 0.446103
2 -0.0414303 0.0252598 -0.998822 0.134727
2 0 0 0 1
2 -0.897459 -0.440451 0.0238694 0.230191
2 -0.436613 0.894731 0.0939477 0.41446
2 -0.0627361 0.0738925 -0.995291 0.141976
2 0 0 0 1
2 -0.885346 -0.444299 0.13697 0.23164
2 -0.286909 0.753917 0.59101 0.485064
2 -0.365849 0.483951 -0.794951 0.225314
2 0 0 0 1
2 -0.910364 -0.379317 0.165394 0.250226
2 -0.218076 0.779455 0.587275 0.476904
2 -0.351681 0.498566 -0.792308 0.228669
2 0 0 0 1
2 -0.925911 0.108767 0.361745 0.373259
2 0.298287 0.79809 0.523523 0.399336
2 -0.231763 0.59264 -0.771404 0.253059
2 0 0 0 1
2 -0.668099 0.520538 0.531681 0.472747
2 0.739699 0.542002 0.398847 0.291943
2 -0.0805572 0.659753 -0.747153 0.278068
2 0 0 0 1
2 -0.224661 0.71949 0.657162 0.541384
2 0.969683 0.0985384 0.223618 0.161899
2 0.0961351 0.687477 -0.719815 0.3036
2 0 0 0 1
2 0.256507 0.640339 0.723996 0.574053
2 0.922897 -0.384815 0.0133738 0.0181692
2 0.287168 0.664743 -0.689675 0.329552
2 0 0 0 1
2 0.616939 0.310257 0.723275 0.568258
2 0.626356 -0.750001 -0.212548 -0.129153
2 0.476512 0.584157 -0.657036 0.355821
2 0 0 0 1
2 0.740598 -0.161127 0.652344 0.524364
2 0.189442 -0.881376 -0.432768 -0.269623
2 0.64469 0.444089 -0.622221 0.382298
2 0 0 0 1
2 0.592223 -0.619557 0.515191 0.445592
2 -0.233932 -0.744035 -0.62585 -0.393252
2 0.77107 0.250123 -0.585568 0.408875
2 0 0 0 1
2 0.227895 -0.918822 0.322228 0.337803
2 -0.497978 -0.394367 -0.772329 -0.491299
2 0.836709 0.0155476 -0.547427 0.435438
2 0 0 0 1
2 0.297998 -0.890198 0.344593 0.346762
2 -0.719974 -0.446634 -0.531183 -0.534453
2 0.626765 -0.0898069 -0.774016 0.275945
2 0 0 0 1
2 -0.0432197 -0.942245 0.332125 0.283387
2 -0.912385 -0.0982181 -0.397376 -0.576485
2 0.407046 -0.3202 -0.855445 0.232921
2 0 0 0 1
2 0 -1 9.37637e-16 0.3
2 -1 -5.55112e-17 -1.10405e-15 -0.5
2 1.09815e-15 -9.56047e-16 -1 0.128
2 0 0 0 1
3 1.66533e-16 -1 -5.32293e-16 -1.73472e-17
3 -1 -1.11022e-16 2.04359e-15 0.45
3 -2.01102e-15 5.09072e-16 -1 0.128
3 0 0 0 1
3 -0.42331 -0.888689 0.176185 0.120689
3 -0.89103 0.443563 0.0965313 0.492808
3 -0.163935 -0.116123 -0.979612 0.132124
3 0 0 0 1
3 -0.804807 -0.543284 0.239016 0.234506
3 -0.508685 0.838843 0.193862 0.48477
3 -0.305819 0.0344373 -0.951467 0.14882
3 0 0 0 1
3 -0.834224 -0.443277 0.327986 0.229742
3 -0.111717 0.718326 0.686678 0.513553
3 -0.53999 0.536202 -0.648766 0.37808
3 0 0 0 1
3 -0.854826 -0.381815 0.35141 0.249573
3 -0.0598704 0.74525 0.664091 0.509458
3 -0.515449 0.546644 -0.659919 0.367325
3 0 0 0 1
3 -0.870928 0.0946864 0.482201 0.387548
3 0.351994 0.804927 0.477696 0.453648
3 -0.342905 0.585771 -0.734362 0.288346
3 0 0 0 1
3 -0.647322 0.537721 0.540214 0.506244
3 0.737619 0.620528 0.266203 0.354274
3 -0.192075 0.570791 -0.798314 0.207218
3 0 0 0 1
3 -0.666125 0.734648 0.12872 0.458167
3 0.736936 0.674885 -0.038157 0.251583
3 -0.114903 0.069441 -0.990947 0.130212
3 0 0 0 1
3 -0.180319 0.978473 0.100383 0.511051
3 0.980821 0.186547 -0.0564882 0.142985
3 -0.0739983 0.0882719 -0.993344 0.129766
3 0 0 0 1
3 0.36188 0.929507 0.0711324 0.538993
3 0.931584 -0.357747 -0.0645642 0.0253641
3 -0.0345655 0.0896302 -0.995375 0.129363
3 0 0 0 1
3 0.797589 0.601595 0.044004 0.540604
3 0.603195 -0.795097 -0.0630674 -0.0956254
3 -0.00295361 0.0768448 -0.997039 0.129003
3 0 0 0 1
3 0.995476 0.0925118 0.0216475 0.51576
3 0.0935542 -0.994176 -0.0534912 -0.214157
3 0.0165729 0.0552744 -0.998334 0.128687
3 0 0 0 1
3 0.895415 -0.445191 0.00612362 0.465612
3 -0.44467 -0.894888 -0.0379939 -0.324512
3 0.0223945 0.0312973 -0.999259 0.128414
3 0 0 0 1
3 0.526813 -0.84998 -0.00125086 0.392532
3 -0.849837 -0.526696 -0.0192056 -0.421357
3 0.0156656 0.0111808 -0.999815 0.128185
3 0 0 0 1
3 0 -1 9.37637e-16 0.3
3 -1 -5.55112e-17 -1.10405e-15 -0.5
3 1.09815e-15 -9.56047e-16 -1 0.128
3 0 0 0 1
4 1.66533e-16 -1 -5.32293e-16 -1.73472e-17
4 -1 -1.11022e-16 2.04359e-15 0.45
4 -2.01102e-15 5.09072e-16 -1 0.128
4 0 0 0 1
4 -0.526666 -0.850071 0.00173961 0.113038
4 -0.848982 0.526092 0.0495714 0.451145
4 -0.0430544 0.0246307 -0.998769 0.136642
4 0 0 0 1
4 -0.894594 -0.446114 0.0261598 0.226922
4 -0.441984 0.891918 0.095566 0.42537
4 -0.0659657 0.0739305 -0.995079 0.145929
4 0 0 0 1
4 -0.852175 -0.519946 -0.0587678 0.141801
4 -0.444985 0.661029 0.604177 0.533744
4 -0.275292 0.541015 -0.79468 0.313781
4 0 0 0 1
4 -0.991322 -0.103373 0.0812124 0.264397
4 -0.0354648 0.805172 0.59198 0.492186
4 -0.126585 0.583963 -0.80185 0.308214
4 0 0 0 1
4 -0.888999 0.39487 0.231858 0.391853
4 0.455341 0.708765 0.53881 0.411884
4 0.048427 0.584577 -0.809892 0.301702
4 0 0 0 1
4 -0.535394 0.763702 0.360712 0.496175
4 0.81747 0.361177 0.448658 0.301329
4 0.21236 0.535079 -0.817676 0.295101
4 0 0 0 1
4 -0.0385158 0.887573 0.459054 0.570259
4 0.935346 -0.129635 0.329124 0.167072
4 0.351631 0.44205 -0.825195 0.288415
4 0 0 0 1
4 0.447971 0.726841 0.5206 0.608833
4 0.769298 -0.610057 0.189765 0.0173098
4 0.455525 0.315488 -0.832445 0.281645
4 0 0 0 1
4 0.772656 0.330665 0.541907 0.608826
4 0.368455 -0.928726 0.0413509 -0.138624
4 0.516957 0.167718 -0.83942 0.274793
4 0 0 0 1
4 0.833836 -0.177882 0.522567 0.569609
4 -0.144144 -0.983977 -0.104942 -0.290843
4 0.53286 0.0121793 -0.846116 0.267862
4 0 0 0 1
4 0.611625 -0.639946 0.465171 0.493069
4 -0.60968 -0.75596 -0.23836 -0.429545
4 0.504188 -0.137818 -0.852526 0.260854
4 0 0 0 1
4 0.174588 -0.910409 0.375067 0.383528
4 -0.883068 -0.313272 -0.349358 -0.545647
4 0.435557 -0.270216 -0.858647 0.253771
4 0 0 0 1
4 0 -1 9.37637e-16 0.3
4 -1 -5.55112e-17 -1.10405e-15 -0.5
4 1.09815e-15 -9.56047e-16 -1 0.128
4 0 0 0 1
5 1.66533e-16 -1 -5.32293e-16 -1.73472e-17
5 -1 -1.11022e-16 2.04359e-15 0.45
5 -2.01102e-15 5.09072e-16 -1 0.128
5 0 0 0 1
5 -0.529425 -0.848344 -0.00460854 0.118109
5 -0.848225 0.529239 0.0205107 0.44671
5 -0.0149611 0.0147679 -0.999779 0.131494
5 0 0 0 1
5 -0.898189 -0.439608 0.000984462 0.235059
5 -0.439183 0.897414 0.0420227 0.414379
5 -0.019357 0.037312 -0.999116 0.135077
5 0 0 0 1
5 -0.924598 -0.344444 0.162718 0.284067
5 -0.205848 0.811159 0.547401 0.506486
5 -0.320539 0.472631 -0.820899 0.213939
5 0 0 0 1
5 -0.876528 -0.0241098 0.480746 0.434607
5 0.315671 0.725193 0.611921 0.426345
5 -0.363387 0.688123 -0.628041 0.356337
5 0 0 0 1
5 -0.802725 0.0598572 0.593338 0.477093
5 0.485159 0.64411 0.591391 0.38017
5 -0.346776 0.762588 -0.546083 0.409147
5 0 0 0 1
5 -0.829462 0.461026 0.315354 0.470901
5 0.556843 0.726792 0.402119 0.35288
5 -0.0438093 0.509145 -0.859565 0.204749
5 0 0 0 1
5 -0.443203 0.816784 0.36937 0.552105
5 0.88953 0.34973 0.293982 0.223951
5 0.11094 0.45886 -0.881555 0.199221
5 0 0 0 1
5 0.0740332 0.917471 0.390852 0.59927
5 0.970179 -0.156969 0.184697 0.0791383
5 0.230806 0.365523 -0.901732 0.193882
5 0 0 0 1
5 0.566988 0.72936 0.382829 0.609567
5 0.765097 -0.638501 0.0833181 -0.0727183
5 0.305206 0.245661 -0.920054 0.188733
5 0 0 0 1
5 0.884655 0.307236 0.350702 0.582428
5 0.329046 -0.94431 -0.0027557 -0.222366
5 0.330325 0.117835 -0.936483 0.183775
5 0 0 0 1
5 0.927514 -0.220823 0.301586 0.519577
5 -0.209974 -0.975314 -0.0683638 -0.360711
5 0.309237 8.30776e-05 -0.950985 0.179008
5 0 0 0 1
5 0.679559 -0.692025 0.243518 0.424907
5 -0.689305 -0.715927 -0.11094 -0.479376
5 0.251114 -0.0924685 -0.963531 0.174432
5 0 0 0 1
5 0.214669 -0.959081 0.184611 0.304236
5 -0.96184 -0.240427 -0.130608 -0.571206
5 0.169649 -0.149529 -0.974095 0.170046
5 0 0 0 1
5 0 -1 9.37637e-16 0.3
5 -1 -5.55112e-17 -1.10405e-15 -0.5
5 1.09815e-15 -9.56047e-16 -1 0.128
5 0 0 0 1
6 1.66533e-16 -1 -5.32293e-16 -1.73472e-17
6 -1 -1.11022e-16 2.04359e-15 0.45
6 -2.01102e-15 5.09072e-16 -1 0.128
6 0 0 0 1
6 -0.348917 -0.912011 0.215624 0.158453
6 -0.861903 0.402625 0.308248 0.47901
6 -0.367941 -0.0782937 -0.926547 0.186586
6 0 0 0 1
6 -0.224811 -0.877823 0.42295 0.117283
6 -0.748337 0.433538 0.502033 0.478516
6 -0.624061 -0.203647 -0.754371 0.256126
6 0 0 0 1
6 0.0272201 -0.8857 0.46346 0.0270938
6 -0.578686 0.364083 0.729771 0.504
6 -0.815096 -0.288062 -0.502631 0.374787
6 0 0 0 1
6 0.0137267 -0.733941 0.679074 0.128422
6 -0.247785 0.655459 0.713426 0.447865
6 -0.968718 -0.178057 -0.172862 0.516382
6 0 0 0 1
6 -0.0664364 -0.719689 0.691111 0.154228
6 -0.249621 0.682604 0.686834 0.452547
6 -0.966062 -0.126885 -0.224999 0.494925
6 0 0 0 1
6 -0.331056 -0.619856 0.711464 0.234745
6 -0.218479 0.783844 0.581254 0.449881
6 -0.91797 0.0369877 -0.394922 0.428277
6 0 0 0 1
6 -0.598835 -0.405193 0.690808 0.315487
6 -0.0979223 0.893142 0.438986 0.421321
6 -0.794863 0.195235 -0.574522 0.358677
6 0 0 0 1
6 -0.790635 -0.0666227 0.608653 0.387498
6 0.134941 0.950661 0.279346 0.368375
6 -0.597233 0.302993 -0.742636 0.289605
6 0 0 0 1
6 -0.817365 0.351092 0.456781 0.443564
6 0.453534 0.881053 0.134359 0.296113
6 -0.355276 0.316986 -0.879374 0.224283
6 0 0 0 1
6 -0.62175 0.743735 0.245532 0.479574
6 0.773135 0.632945 0.0405383 0.21185
6 -0.125259 0.215034 -0.96854 0.165308
6 0 0 0 1
6 -0.140336 0.966751 0.21377 0.521908
6 0.989245 0.145899 -0.0103917 0.105857
6 -0.0412351 0.210013 -0.976829 0.159789
6 0 0 0 1
6 0.38822 0.905221 0.172801 0.541393
6 0.921229 -0.386273 -0.0461581 -0.00678189
6 0.0249651 0.177109 -0.983875 0.154331
6 0 0 0 1
6 0.808054 0.575117 0.127627 0.537114
6 0.585455 -0.80806 -0.0654285 -0.121178
6 0.0655012 0.12759 -0.989662 0.148934
6 0 0 0 1
6 0.993911 0.0720766 0.0833381 0.509195
6 0.0778563 -0.994621 -0.0683157 -0.232353
6 0.0779659 0.0743881 -0.994177 0.143602
6 0 0 0 1
6 0.888807 -0.456094 0.0447228 0.458793
6 -0.45358 -0.889433 -0.0563404 -0.33546
6 0.0654744 0.0297904 -0.997409 0.138336
6 0 0 0 1
6 0.521771 -0.852937 0.0158995 0.38805
6 -0.852332 -0.522003 -0.0322925 -0.425996
6 0.0358431 0.00329765 -0.999352 0.133135
6 0 0 0 1
6 0 -1 9.37637e-16 0.3
6 -1 -5.55112e-17 -1.10405e-15 -0.5
6 1.09815e-15 -9.56047e-16 -1 0.128
6 0 0 0 1
7 1.66533e-16 -1 -5.32293e-16 -1.73472e-17
7 -1 -1.11022e-16 2.04359e-15 0.45
7 -2.01102e-15 5.09072e-16 -1 0.128
7 0 0 0 1
7 -0.52414 -0.851358 0.0216223 0.11
7 -0.850553 0.524585 0.0370241 0.447462
7 -0.0428635 0.00101486 -0.99908 0.130698
7 0 0 0 1
7 -0.89125 -0.449749 0.0583033 0.21911
7 -0.446352 0.892654 0.0627531 0.419987
7 -0.0802678 0.0299048 -0.996325 0.133745
7 0 0 0 1
7 -0.868251 -0.341205 0.360167 0.323452
7 -0.127928 0.855381 0.501953 0.465614
7 -0.479349 0.389746 -0.786335 0.241449
7 0 0 0 1
7 -0.883649 0.131667 0.449252 0.419671
7 0.330001 0.855858 0.398255 0.389219
7 -0.332059 0.500171 -0.799728 0.234547
7 0 0 0 1
7 -0.645651 0.56513 0.513578 0.501884
7 0.747533 0.605115 0.273915 0.289787
7 -0.155976 0.56077 -0.813147 0.227344
7 0 0 0 1
7 -0.216785 0.809356 0.545846 0.561263
7 0.975938 0.166261 0.141074 0.174931
7 0.0234263 0.563295 -0.825924 0.220173
7 0 0 0 1
7 0.276044 0.791319 0.54554 0.594995
7 0.942526 -0.334046 0.00762299 0.0498427
7 0.188268 0.512081 -0.83805 0.213035
7 0 0 0 1
7 0.685713 0.515343 0.514023 0.601436
7 0.651892 -0.748955 -0.118755 -0.0797952
7 0.32378 0.416519 -0.849516 0.205932
7 0 0 0 1
7 0.888591 0.0625812 0.454411 0.580194
7 0.185406 -0.95512 -0.23102 -0.208068
7 0.41956 0.289533 -0.860314 0.198865
7 0 0 0 1
7 0.82162 -0.432474 0.371358 0.532149
7 -0.322284 -0.889775 -0.323163 -0.329105
7 0.470184 0.145834 -0.870436 0.191834
7 0 0 0 1
7 0.50162 -0.821628 0.270749 0.459417
7 -0.722881 -0.570025 -0.390531 -0.43735
7 0.475205 0.000179111 -0.879875 0.184843
7 0 0 0 1
7 0.0209017 -0.987004 0.159333 0.365256
7 -0.898453 -0.0884526 -0.430068 -0.527819
7 0.438572 -0.134164 -0.888625 0.17789
7 0 0 0 1
7 0 -1 9.37637e-16 0.3
7 -1 -5.55112e-17 -1.10405e-15 -0.5
7 1.09815e-15 -9.56047e-16 -1 0.128
7 0 0 0 1
8 1.66533e-16 -1 -5.32293e-16 -1.73472e-17
8 -1 -1.11022e-16 2.04359e-15 0.45
8 -2.01102e-15 5.09072e-16 -1 0.128
8 0 0 0 1
8 -0.123053 -0.98969 0.0732858 0.120266
8 -0.941133 0.139806 0.307772 0.442341
8 -0.314845 -0.0310994 -0.948634 0.157185
8 0 0 0 1
8 -0.580354 -0.795285 0.175248 0.204677
8 -0.722654 0.602143 0.339404 0.43743
8 -0.375447 0.0703313 -0.924172 0.173686
8 0 0 0 1
8 -0.869428 -0.402591 0.286383 0.289994
8 -0.299233 0.890333 0.343171 0.416373
8 -0.393134 0.212667 -0.894549 0.191477
8 0 0 0 1
8 -0.905696 -0.079792 0.416352 0.334212
8 0.172979 0.827089 0.534791 0.4438
8 -0.387032 0.556378 -0.735289 0.28653
8 0 0 0 1
8 -0.83137 0.160646 0.531993 0.369643
8 0.524111 0.544913 0.654506 0.448295
8 -0.184746 0.82296 -0.537221 0.386669
8 0 0 0 1
8 -0.602253 0.588568 0.539331 0.472783
8 0.779247 0.580164 0.23703 0.305092
8 -0.173392 0.563025 -0.808046 0.237096
8 0 0 0 1
8 -0.619458 0.764488 0.17841 0.463032
8 0.783829 0.614892 0.0867209 0.182659
8 -0.0434057 0.193563 -0.980127 0.14761
8 0 0 0 1
8 -0.129909 0.977665 0.165214 0.503023
8 0.991325 0.124712 0.0414916 0.0843099
8 0.0199606 0.169171 -0.985385 0.145099
8 0 0 0 1
8 0.399648 0.905593 0.142064 0.522428
8 0.914532 -0.404475 0.00562759 -0.0211186
8 0.0625575 0.127673 -0.989842 0.142487
8 0 0 0 1
8 0.81507 0.568374 0.112302 0.52002
8 0.573643 -0.818887 -0.0189219 -0.129303
8 0.081208 0.079844 -0.993494 0.139777
8 0 0 0 1
8 0.994798 0.0635626 0.0796039 0.495482
8 0.0662199 -0.997317 -0.0311962 -0.235713
8 0.0774074 0.0363053 -0.996338 0.136971
8 0 0 0 1
8 0.885612 -0.461969 0.0477071 0.449443
8 -0.460945 -0.886878 -0.0312651 -0.335808
8 0.0567539 0.00569843 -0.998372 0.134071
8 0 0 0 1
8 0.518525 -0.854825 0.0201462 0.383466
8 -0.854613 -0.518872 -0.0202037 -0.42523
8 0.027724 -0.00674111 -0.999593 0.13108
8 0 0 0 1
8 0 -1 9.37637e-16 0.3
8 -1 -5.55112e-17 -1.10405e-15 -0.5
8 1.09815e-15 -9.56047e-16 -1 0.128
8 0 0 0 1
9 1.66533e-16 -1 -5.32293e-16 -1.73472e-17
9 -1 -1.11022e-16 2.04359e-15 0.45
9 -2.01102e-15 5.09072e-16 -1 0.128
9 0 0 0 1
9 -0.410252 -0.91196 0.00481554 0.0514936
9 -0.848804 0.383761 0.363675 0.481563
9 -0.333505 0.145111 -0.931514 0.229872
9 0 0 0 1
9 -0.806011 -0.579164 0.122132 0.172145
9 -0.483463 0.763222 0.428668 0.482044
9 -0.341483 0.286465 -0.895169 0.243585
9 0 0 0 1
9 -0.958641 -0.103752 0.265033 0.295224
9 0.0286226 0.891327 0.452456 0.452801
9 -0.283175 0.441329 -0.851493 0.258738
9 0 0 0 1
9 -0.833682 0.359447 0.419253 0.41303
9 0.530556 0.731992 0.427432 0.392917
9 -0.153251 0.578779 -0.800955 0.275267
9 0 0 0 1
9 -0.486583 0.663313 0.568554 0.517611
9 0.872734 0.339517 0.350805 0.303545
9 0.03966 0.666892 -0.744098 0.293097
9 0 0 0 1
9 -0.338033 0.711956 0.615511 0.54897
9 0.933896 0.17279 0.313022 0.26672
9 0.116503 0.680634 -0.723301 0.29948
9 0 0 0 1
9 -0.196311 0.963001 0.184639 0.487744
9 0.9785 0.180253 0.100228 0.173228
9 0.0632381 0.200345 -0.977682 0.18684
9 0 0 0 1
9 0.346824 0.922509 0.169383 0.526125
9 0.932247 -0.358905 0.0458545 0.0545383
9 0.103094 0.142003 -0.984483 0.177185
9 0 0 0 1
9 0.786844 0.600927 0.140581 0.536174
9 0.606451 -0.795109 0.00441281 -0.0704496
9 0.114429 0.0817834 -0.990059 0.167464
9 0 0 0 1
9 0.990111 0.0946931 0.103502 0.517048
9 0.0973749 -0.995023 -0.0211609 -0.194988
9 0.100983 0.0310302 -0.994404 0.157682
9 0 0 0 1
9 0.894173 -0.443131 0.0639441 0.469507
9 -0.442138 -0.896455 -0.0296959 -0.312283
9 0.0704821 -0.00171884 -0.997512 0.147841
9 0 0 0 1
9 0.527246 -0.849261 0.027694 0.395891
9 -0.849065 -0.527836 -0.0218469 -0.415875
9 0.0331716 -0.0119953 -0.999378 0.137946
9 0 0 0 1
9 0 -1 9.37637e-16 0.3
9 -1 -5.55112e-17 -1.10405e-15 -0.5
9 1.09815e-15 -9.56047e-16 -1 0.128
9 0 0 0 1
10 1.66533e-16 -1 -5.32293e-16 -1.73472e-17
10 -1 -1.11022e-16 2.04359e-15 0.45
10 -2.01102e-15 5.09072e-16 -1 0.128
10 0 0 0 1
10 0.120387 -0.940989 0.316302 0.0476626
10 -0.975062 -0.0522426 0.215695 0.493613
10 -0.186442 -0.334381 -0.923812 0.141142
10 0 0 0 1
10 -0.0687966 -0.862264 0.501764 0.231982
10 -0.923155 0.245703 0.295659 0.470889
10 -0.378221 -0.442866 -0.812907 0.244846
10 0 0 0 1
10 -0.158783 -0.849991 0.502297 0.244358
10 -0.895924 0.337818 0.288444 0.467295
10 -0.41486 -0.40422 -0.815167 0.244497
10 0 0 0 1
10 -0.550608 -0.665364 0.504104 0.303601
10 -0.64057 0.723995 0.255934 0.445622
10 -0.535258 -0.181994 -0.82485 0.242934
10 0 0 0 1
10 -0.802981 -0.315924 0.505385 0.361264
10 -0.229441 0.946458 0.227097 0.416797
10 -0.550072 0.0663983 -0.832474 0.24157
10 0 0 0 1
10 -0.85488 0.109887 0.507056 0.416453
10 0.241511 0.949256 0.20146 0.380869
10 -0.459188 0.294683 -0.838038 0.240407
10 0 0 0 1
10 -0.695775 0.505889 0.509876 0.468257
10 0.660806 0.729051 0.178383 0.338007
10 -0.281483 0.461043 -0.84155 0.239445
10 0 0 0 1
10 -0.307104 0.757437 0.576174 0.542823
10 0.949147 0.287884 0.127449 0.247205
10 -0.0693361 0.586013 -0.807329 0.266369
10 0 0 0 1
10 0.14356 0.756145 0.638463 0.598415
10 0.971696 -0.230003 0.0539083 0.140547
10 0.187611 0.612653 -0.767762 0.29453
10 0 0 0 1
10 0.511254 0.513039 0.689499 0.631456
10 0.735308 -0.676436 -0.0419018 0.0223495
10 0.444905 0.528417 -0.723073 0.323808
10 0 0 0 1
10 0.682268 0.113704 0.722206 0.639419
10 0.322216 -0.933484 -0.15743 -0.102231
10 0.656268 0.340116 -0.673524 0.354075
10 0 0 0 1
10 0.607861 -0.311659 0.730325 0.621035
10 -0.139687 -0.947381 -0.288022 -0.227471
10 0.78166 0.0730606 -0.61941 0.385195
10 0 0 0 1
10 0.315874 -0.630498 0.709011 0.57642
10 -0.518943 -0.740397 -0.427213 -0.347398
10 0.794306 -0.23299 -0.561064 0.417026
10 0 0 0 1
10 0.0548573 -0.881166 0.469614 0.507463
10 -0.760348 -0.341714 -0.552361 -0.469446
10 0.647195 -0.326769 -0.688738 0.31418
10 0 0 0 1
10 0.033206 -0.967121 0.252141 0.36869
10 -0.90325 -0.137031 -0.406648 -0.562465
10 0.427829 -0.214243 -0.878102 0.160434
10 0 0 0 1
10 0 -1 9.37637e-16 0.3
10 -1 -5.55112e-17 -1.10405e-15 -0.5
10 1.09815e-15 -9.56047e-16 -1 0.128
10 0 0 0 1
11 1.66533e-16 -1 -5.32293e-16 -1.73472e-17
11 -1 -1.11022e-16 2.04359e-15 0.45
11 -2.01102e-15 5.09072e-16 -1 0.128
11 0 0 0 1
11 -0.525778 -0.850423 0.0183976 0.11233
11 -0.850144 0.526084 0.0221464 0.44677
11 -0.0285125 -0.00399649 -0.999585 0.127068
11 0 0 0 1
11 -0.893638 -0.44645 0.0457491 0.223461
11 -0.445214 0.894743 0.0349192 0.417517
11 -0.0565234 0.010837 -0.998342 0.126215
11 0 0 0 1
11 -0.865778 -0.310533 0.392424 0.33721
11 -0.117439 0.888358 0.443878 0.447308
11 -0.486452 0.338214 -0.80559 0.247152
11 0 0 0 1
11 -0.899506 -0.111703 0.422388 0.378261
11 0.0723577 0.915328 0.396156 0.416858
11 -0.430875 0.386908 -0.81526 0.241167
11 0 0 0 1
11 -0.795023 0.378757 0.473794 0.468508
11 0.540346 0.79713 0.269461 0.325727
11 -0.275615 0.470241 -0.838397 0.226179
11 0 0 0 1
11 -0.451122 0.745338 0.490877 0.537279
11 0.885195 0.443733 0.139751 0.216807
11 -0.113657 0.497567 -0.859947 0.211203
11 0 0 0 1
11 0.0342758 0.879343 0.474955 0.581097
11 0.998747 -0.0474742 0.0158188 0.0951686
11 0.0364582 0.473817 -0.879868 0.19625
11 0 0 0 1
11 0.519305 0.738809 0.429515 0.597684
11 0.83944 -0.535206 -0.0943154 -0.033451
11 0.160198 0.40953 -0.898121 0.18133
11 0 0 0 1
11 0.859668 0.362525 0.359927 0.586082
11 0.446321 -0.875767 -0.183928 -0.162931
11 0.248534 0.31876 -0.914671 0.166453
11 0 0 0 1
11 0.951763 -0.140009 0.273029 0.546719
11 -0.0709778 -0.966152 -0.248018 -0.287072
11 0.298512 0.216675 -0.929485 0.151628
11 0 0 0 1
11 0.764381 -0.620103 0.176618 0.481384
11 -0.563766 -0.775714 -0.283611 -0.399911
11 0.312873 0.117216 -0.942534 0.136864
11 0 0 0 1
11 0.349143 -0.933743 0.0788887 0.39315
11 -0.88814 -0.356585 -0.289922 -0.496017
11 0.298844 0.0311601 -0.953793 0.122171
11 0 0 0 1
11 0 -1 9.37637e-16 0.3
11 -1 -5.55112e-17 -1.10405e-15 -0.5
11 1.09815e-15 -9.56047e-16 -1 0.128
11 0 0 0 1
12 1.66533e-16 -1 -5.32293e-16 -1.73472e-17
12 -1 -1.11022e-16 2.04359e-15 0.45
12 -2.01102e-15 5.09072e-16 -1 0.128
12 0 0 0 1
12 -0.3571 -0.921381 0.153416 0.0372691
12 -0.911953 0.379438 0.156102 0.475919
12 -0.202042 -0.0841642 -0.975754 0.181037
12 0 0 0 1
12 -0.789782 -0.587241 0.177181 0.161444
12 -0.570629 0.809366 0.138955 0.455286
12 -0.225004 0.00863956 -0.974319 0.178759
12 0 0 0 1
12 -0.976357 -0.0755972 0.202513 0.278353
12 -0.052275 0.99162 0.118139 0.40494
12 -0.209747 0.104759 -0.972127 0.176597
12 0 0 0 1
12 -0.928334 -0.126401 0.349597 0.198514
12 0.00654014 0.934719 0.355326 0.4114
12 -0.371689 0.332148 -0.866905 0.293135
12 0 0 0 1
12 -0.872606 0.1548 0.463244 0.309491
12 0.337884 0.876198 0.343673 0.400923
12 -0.352693 0.456414 -0.81688 0.273094
12 0 0 0 1
12 -0.629107 0.458228 0.627894 0.468007
12 0.723988 0.639456 0.258721 0.336429
12 -0.282957 0.617351 -0.734039 0.243959
12 0 0 0 1
12 -0.254417 0.591981 0.764742 0.610381
12 0.952537 0.290079 0.0923449 0.211006
12 -0.167169 0.751939 -0.637685 0.213429
12 0 0 0 1
12 -0.12272 0.872134 0.473626 0.578642
12 0.986709 0.158438 -0.0360832 0.107891
12 -0.10651 0.462903 -0.879987 0.169274
12 0 0 0 1
12 -0.199772 0.972551 0.119317 0.480395
12 0.977988 0.205399 -0.0367613 0.176054
12 -0.0602597 0.109346 -0.992175 0.158742
12 0 0 0 1
12 0.346016 0.933953 0.0894686 0.520396
12 0.938033 -0.342422 -0.0533052 0.0582268
12 -0.0191486 0.102369 -0.994562 0.153737
12 0 0 0 1
12 0.789068 0.611416 0.0595179 0.532148
12 0.614205 -0.786983 -0.0583971 -0.0664763
12 0.0111346 0.0826355 -0.996518 0.148682
12 0 0 0 1
12 0.994213 0.102221 0.0330386 0.514624
12 0.10388 -0.993169 -0.0531428 -0.191317
12 0.0273806 0.0562673 -0.99804 0.143579
12 0 0 0 1
12 0.89829 -0.43921 0.0130264 0.468399
12 -0.438438 -0.897887 -0.0396506 -0.309454
12 0.0291112 0.0299065 -0.999129 0.13843
12 0 0 0 1
12 0.529688 -0.848191 0.00163708 0.395638
12 -0.847991 -0.529603 -0.0208091 -0.414322
12 0.0185171 0.00963409 -0.999782 0.133237
12 0 0 0 1
12 0 -1 9.37637e-16 0.3
12 -1 -5.55112e-17 -1.10405e-15 -0.5
12 1.09815e-15 -9.56047e-16 -1 0.128
12 0 0 0 1
13 1.66533e-16 -1 -5.32293e-16 -1.73472e-17
13 -1 -1.11022e-16 2.04359e-15 0.45
13 -2.01102e-15 5.09072e-16 -1 0.128
13 0 0 0 1
13 -0.243938 -0.952685 0.181344 0.181785
13 -0.925144 0.284687 0.251122 0.480585
13 -0.290866 -0.106511 -0.950817 0.185399
13 0 0 0 1
13 -0.668848 -0.699774 0.250917 0.278399
13 -0.628407 0.712538 0.312081 0.465152
13 -0.397174 0.0510561 -0.916322 0.219715
13 0 0 0 1
13 -0.895688 -0.280687 0.344903 0.37372
13 -0.154998 0.924036 0.349475 0.428006
13 -0.416795 0.259562 -0.871154 0.256811
13 0 0 0 1
13 -0.873355 0.172855 0.455382 0.462331
13 0.356756 0.863532 0.356423 0.369376
13 -0.331627 0.473743 -0.815837 0.296324
13 0 0 0 1
13 -0.675129 0.485112 0.555758 0.528806
13 0.715887 0.612683 0.33485 0.303355
13 -0.178064 0.623927 -0.760926 0.331763
13 0 0 0 1
13 -0.616142 0.762546 0.197214 0.499011
13 0.780824 0.624214 0.0258948 0.184426
13 -0.103358 0.169944 -0.980018 0.163689
13 0 0 0 1
13 -0.129153 0.976873 0.170407 0.533437
13 0.991017 0.133168 -0.0122958 0.0794017
13 -0.0347041 0.167288 -0.985297 0.158429
13 0 0 0 1
13 0.399358 0.906459 0.137278 0.54631
13 0.916586 -0.397959 -0.0386977 -0.0303603
13 0.019553 0.141281 -0.989776 0.153222
13 0 0 0 1
13 0.815041 0.570448 0.101479 0.537122
13 0.576998 -0.815055 -0.0525275 -0.140474
13 0.0527469 0.101365 -0.99345 0.148069
13 0 0 0 1
13 0.9956 0.065834 0.0666781 0.506251
13 0.0694845 -0.996121 -0.0539935 -0.246542
13 0.0628648 0.0583891 -0.996313 0.14297
13 0 0 0 1
13 0.88695 -0.460437 0.0363041 0.454942
13 -0.458862 -0.887405 -0.0442603 -0.344333
13 0.0525955 0.0225981 -0.99836 0.137925
13 0 0 0 1
13 0.519561 -0.854329 0.0133162 0.38526
13 -0.853955 -0.519729 -0.0253518 -0.429954
13 0.0285796 0.00180032 -0.99959 0.132935
13 0 0 0 1
13 0 -1 9.37637e-16 0.3
13 -1 -5.55112e-17 -1.10405e-15 -0.5
13 1.09815e-15 -9.56047e-16 -1 0.128
13 0 0 0 1
14 1.66533e-16 -1 -5.32293e-16 -1.73472e-17
14 -1 -1.11022e-16 2.04359e-15 0.45
14 -2.01102e-15 5.09072e-16 -1 0.128
14 0 0 0 1
14 -0.527147 -0.849731 -0.00853095 0.108397
14 -0.849532 0.526731 0.0291381 0.443192
14 -0.020266 0.0226074 -0.999539 0.132088
14 0 0 0 1
14 -0.895747 -0.44455 -0.00357693 0.214208
14 -0.44393 0.894011 0.0605868 0.412313
14 -0.023736 0.0558583 -0.998157 0.136379
14 0 0 0 1
14 -0.996326 0.0831822 0.0203952 0.310612
14 0.0851063 0.988257 0.126903 0.372885
14 -0.00959972 0.128172 -0.991705 0.148181
14 0 0 0 1
14 -0.991731 0.121245 0.0420527 0.259439
14 0.124317 0.826365 0.549242 0.450897
14 0.0318418 0.549928 -0.834605 0.229878
14 0 0 0 1
14 -0.923635 0.354187 0.146459 0.329176
14 0.371452 0.73304 0.569803 0.420259
14 0.0944571 0.580692 -0.808625 0.241196
14 0 0 0 1
14 -0.616489 0.697351 0.365573 0.455628
14 0.747081 0.371468 0.551254 0.328934
14 0.248619 0.612955 -0.749983 0.265406
14 0 0 0 1
14 -0.185095 0.797367 0.574409 0.555188
14 0.884225 -0.119924 0.451402 0.201748
14 0.428819 0.591459 -0.682855 0.291694
14 0 0 0 1
14 0.218137 0.631715 0.743876 0.617412
14 0.759222 -0.588772 0.277361 0.0471525
14 0.613186 0.504265 -0.608045 0.319928
14 0 0 0 1
14 0.457057 0.265357 0.848932 0.63465
14 0.4358 -0.89885 0.0463295 -0.123298
14 0.775356 0.348789 -0.526468 0.34995
14 0 0 0 1
14 0.45722 -0.174998 0.871967 0.602976
14 0.0393644 -0.975507 -0.216419 -0.295907
14 0.888482 0.133276 -0.439132 0.381582
14 0 0 0 1
14 0.687747 -0.166503 0.706598 0.56389
14 -0.202765 -0.978663 -0.0332566 -0.297601
14 0.697059 -0.120401 -0.706833 0.333628
14 0 0 0 1
14 0.632132 -0.532539 0.562859 0.542099
14 -0.6274 -0.778059 -0.0315302 -0.341202
14 0.454729 -0.333207 -0.825951 0.2585
14 0 0 0 1
14 0.371184 -0.878429 0.300973 0.38944
14 -0.904776 -0.41504 -0.0955087 -0.437042
14 0.208814 -0.236862 -0.948838 0.181559
14 0 0 0 1
14 0 -1 9.37637e-16 0.3
14 -1 -5.55112e-17 -1.10405e-15 -0.5
14 1.09815e-15 -9.56047e-16 -1 0.128
14 0 0 0 1
15 1.66533e-16 -1 -5.32293e-16 -1.73472e-17
15 -1 -1.11022e-16 2.04359e-15 0.45
15 -2.01102e-15 5.09072e-16 -1 0.128
15 0 0 0 1
15 -0.526358 -0.850263 3.5955e-05 0.10841
15 -0.849989 0.526189 0.025372 0.443633
15 -0.0215918 0.0133242 -0.999678 0.126912
15 0 0 0 1
15 -0.8949 -0.446124 0.0113005 0.214406
15 -0.445106 0.894111 0.0494529 0.413248
15 -0.032166 0.0392255 -0.998713 0.125919
15 0 0 0 1
15 -0.929082 -0.36525 0.0583085 0.186048
15 -0.26994 0.777352 0.568205 0.517712
15 -0.252863 0.512169 -0.820819 0.238855
15 0 0 0 1
15 -0.97845 -0.141982 0.149925 0.253572
15 -0.0312505 0.819538 0.572172 0.49934
15 -0.204108 0.555156 -0.806314 0.244644
15 0 0 0 1
15 -0.876174 0.331079 0.350294 0.393075
15 0.476973 0.700203 0.531237 0.430509
15 -0.0693952 0.632537 -0.771415 0.257887
15 0 0 0 1
15 -0.53126 0.65843 0.533134 0.513181
15 0.841299 0.335804 0.423617 0.324826
15 0.099894 0.673576 -0.732336 0.271931
15 0 0 0 1
15 -0.0650182 0.733013 0.6771 0.604013
15 0.954192 -0.152913 0.257166 0.188054
15 0.292044 0.662804 -0.689493 0.286702
15 0 0 0 1
15 0.363309 0.532964 0.76417 0.657469
15 0.793197 -0.607196 0.046375 0.0286271
15 0.488717 0.589289 -0.643346 0.302119
15 0 0 0 1
15 0.610437 0.127947 0.781663 0.667953
15 0.427278 -0.884154 -0.188957 -0.142913
15 0.666934 0.449333 -0.594389 0.318096
15 0 0 0 1
15 0.597147 -0.345849 0.723743 0.632914
15 -0.00816388 -0.904848 -0.425657 -0.314676
15 0.80209 0.248271 -0.543151 0.334541
15 0 0 0 1
15 0.333885 -0.733334 0.592234 0.553158
15 -0.358889 -0.679867 -0.639514 -0.474319
15 0.871619 0.000977849 -0.490184 0.351358
15 0 0 0 1
15 0.536322 -0.720432 0.4397 0.492328
15 -0.636464 -0.687371 -0.349907 -0.446483
15 0.554321 -0.0921907 -0.827181 0.212076
15 0 0 0 1
15 0.325928 -0.918935 0.222101 0.389888
15 -0.919864 -0.362479 -0.149865 -0.449318
15 0.218223 -0.155458 -0.963437 0.121521
15 0 0 0 1
15 0 -1 9.37637e-16 0.3
15 -1 -5.55112e-17 -1.10405e-15 -0.5
15 1.09815e-15 -9.56047e-16 -1 0.128
15 0 0 0 1
16 1.66533e-16 -1 -5.32293e-16 -1.73472e-17
16 -1 -1.11022e-16 2.04359e-15 0.45
16 -2.01102e-15 5.09072e-16 -1 0.128
16 0 0 0 1
16 -0.322493 -0.932634 0.16184 0.140905
16 -0.889139 0.357114 0.286184 0.451057
16 -0.3247 -0.0516057 -0.944408 0.154619
16 0 0 0 1
16 -0.742673 -0.614921 0.265158 0.259624
16 -0.544082 0.784931 0.296409 0.411318
16 -0.390399 0.0758673 -0.917514 0.162083
16 0 0 0 1
16 -0.756795 -0.437609 0.485552 0.270318
16 -0.205521 0.864459 0.458772 0.414722
16 -0.620502 0.247405 -0.744156 0.203967
16 0 0 0 1
16 -0.712375 -0.126633 0.690279 0.421881
16 0.309386 0.826181 0.470855 0.38911
16 -0.629922 0.548988 -0.549373 0.243181
16 0 0 0 1
16 -0.463638 0.0453447 0.884864 0.571308
16 0.723238 0.596277 0.348396 0.304167
16 -0.511826 0.801497 -0.309252 0.295725
16 0 0 0 1
16 -0.196047 0.0345948 0.979984 0.669947
16 0.916644 0.36146 0.170616 0.196094
16 -0.348323 0.931745 -0.102574 0.344745
16 0 0 0 1
16 -0.509852 0.31353 0.801093 0.575217
16 0.81091 0.486035 0.325877 0.22212
16 -0.287187 0.815763 -0.502051 0.239855
16 0 0 0 1
16 -0.621226 0.565693 0.542282 0.495953
16 0.7324 0.665244 0.145057 0.188412
16 -0.278692 0.48728 -0.82758 0.185248
16 0 0 0 1
16 -0.624511 0.7526 0.208759 0.461405
16 0.775439 0.629376 0.0507853 0.202454
16 -0.0931667 0.193596 -0.976648 0.145718
16 0 0 0 1
16 -0.138929 0.972956 0.184539 0.505017
16 0.990074 0.140467 0.00477935 0.101319
16 -0.0212714 0.183371 -0.982814 0.143297
16 0 0 0 1
16 0.391302 0.907713 0.151461 0.526879
16 0.919659 -0.39167 -0.0286597 -0.0074737
16 0.033308 0.150507 -0.988048 0.140835
16 0 0 0 1
16 0.810524 0.57455 0.113771 0.525693
16 0.582121 -0.811677 -0.0481115 -0.119249
16 0.0647032 0.105224 -0.992341 0.138336
16 0 0 0 1
16 0.994648 0.0701499 0.0758594 0.501169
16 0.0743036 -0.995805 -0.0533921 -0.229125
16 0.0717958 0.058743 -0.995688 0.135801
16 0 0 0 1
16 0.888113 -0.457708 0.0419274 0.454047
16 -0.455936 -0.888847 -0.0455392 -0.332231
16 0.0581107 0.0213278 -0.998082 0.133232
16 0 0 0 1
16 0.520855 -0.853501 0.0156711 0.386087
16 -0.853084 -0.52109 -0.0267099 -0.423924
16 0.030963 0.000543182 -0.99952 0.130631
16 0 0 0 1
16 0 -1 9.37637e-16 0.3
16 -1 -5.55112e-17 -1.10405e-15 -0.5
16 1.09815e-15 -9.56047e-16 -1 0.128
16 0 0 0 1
17 1.66533e-16 -1 -5.32293e-16 -1.73472e-17
17 -1 -1.11022e-16 2.04359e-15 0.45
17 -2.01102e-15 5.09072e-16 -1 0.128
17 0 0 0 1
17 -0.528882 -0.848695 0.000392135 0.116197
17 -0.847903 0.528408 0.0429465 0.448564
17 -0.0366557 0.0223811 -0.999077 0.131967
17 0 0 0 1
17 -0.897122 -0.44128 0.0210834 0.232125
17 -0.438273 0.894984 0.0831871 0.419049
17 -0.0555781 0.0653887 -0.996311 0.13633
17 0 0 0 1
17 -0.957834 -0.122575 0.259864 0.273192
17 -0.0882117 0.986208 0.140043 0.439225
17 -0.273446 0.111215 -0.955436 0.149359
17 0 0 0 1
17 -0.846042 -0.256458 0.467377 0.291383
17 0.0636546 0.821823 0.566176 0.549792
17 -0.529302 0.508759 -0.678972 0.259877
17 0 0 0 1
17 -0.874919 0.0532855 0.481329 0.367883
17 0.288439 0.855732 0.429565 0.482261
17 -0.388999 0.514668 -0.764065 0.230781
17 0 0 0 1
17 -0.733582 0.523549 0.433307 0.455586
17 0.651199 0.723913 0.227793 0.360471
17 -0.194416 0.449274 -0.871984 0.19164
17 0 0 0 1
17 -0.375023 0.874412 0.307833 0.505813
17 0.925142 0.37413 0.0643384 0.22586
17 -0.0589113 0.308918 -0.949263 0.159079
17 0 0 0 1
17 0.150715 0.931922 0.329859 0.56471
17 0.985724 -0.167 0.0214273 0.0949776
17 0.0750551 0.32192 -0.943787 0.163856
17 0 0 0 1
17 0.623519 0.699624 0.348926 0.590121
17 0.753791 -0.656388 -0.0308902 -0.0489418
17 0.207419 0.282278 -0.936641 0.168956
17 0 0 0 1
17 0.897999 0.25148 0.361049 0.579155
17 0.303175 -0.948335 -0.0935172 -0.197273
17 0.318878 0.19344 -0.927846 0.174372
17 0 0 0 1
17 0.891246 -0.273564 0.361723 0.531166
17 -0.227269 -0.959618 -0.165777 -0.340752
17 0.392466 0.0655395 -0.917428 0.180099
17 0 0 0 1
17 0.606988 -0.715192 0.346505 0.44789
17 -0.677287 -0.693639 -0.24525 -0.47006
17 0.41575 -0.0858196 -0.905421 0.186131
17 0 0 0 1
17 0.132688 -0.940891 0.311638 0.333427
17 -0.914393 -0.23753 -0.327819 -0.576452
17 0.382466 -0.241462 -0.891861 0.192458
17 0 0 0 1
17 0 -1 9.37637e-16 0.3
17 -1 -5.55112e-17 -1.10405e-15 -0.5
17 1.09815e-15 -9.56047e-16 -1 0.128
17 0 0 0 1
18 1.66533e-16 -1 -5.32293e-16 -1.73472e-17
18 -1 -1.11022e-16 2.04359e-15 0.45
18 -2.01102e-15 5.09072e-16 -1 0.128
18 0 0 0 1
18 -0.329375 -0.944075 -0.0153096 0.146833
18 -0.884739 0.30293 0.354219 0.481684
18 -0.329772 0.130216 -0.935037 0.165804
18 0 0 0 1
18 -0.757858 -0.64046 0.124343 0.271805
18 -0.569867 0.742625 0.351796 0.442251
18 -0.317651 0.195753 -0.927781 0.17141
18 0 0 0 1
18 -0.740153 -0.558904 0.373899 0.301643
18 -0.256065 0.748404 0.611819 0.486914
18 -0.621776 0.357097 -0.697049 0.217035
18 0 0 0 1
18 -0.643142 -0.23913 0.727451 0.472604
18 0.243967 0.836496 0.490667 0.42417
18 -0.725844 0.493043 -0.479646 0.308075
18 0 0 0 1
18 -0.300815 0.0348458 0.953046 0.608116
18 0.650043 0.738716 0.178167 0.291376
18 -0.697822 0.673116 -0.244868 0.407301
18 0 0 0 1
18 0.182761 0.153979 0.971025 0.680546
18 0.829233 0.506453 -0.236384 0.109804
18 -0.528177 0.848408 -0.0351248 0.505966
18 0 0 0 1
18 0.639057 0.0686297 0.766091 0.676048
18 0.731383 0.254084 -0.632866 -0.088652
18 -0.238085 0.964744 0.112179 0.595843
18 0 0 0 1
18 0.90132 -0.182035 0.393046 0.597648
18 0.415479 0.106762 -0.903316 -0.270082
18 0.122472 0.977479 0.171859 0.670426
18 0 0 0 1
18 0.911272 -0.40527 0.0730707 0.503498
18 0.128974 0.112361 -0.985262 -0.375723
18 0.391086 0.907266 0.154661 0.712872
18 0 0 0 1
18 0.760903 -0.544033 0.35363 0.608125
18 0.46424 0.0756841 -0.88247 -0.341655
18 0.453329 0.835643 0.310151 0.684996
18 0 0 0 1
18 0.690838 -0.186414 0.698564 0.686132
18 0.714481 0.0280562 -0.699092 -0.293364
18 0.110721 0.982071 0.152572 0.577197
18 0 0 0 1
18 0.698748 -0.138059 0.70192 0.617348
18 0.687291 -0.142635 -0.71224 -0.297246
18 0.19845 0.980099 -0.00477959 0.60306
18 0 0 0 1
18 0.561659 0.0953564 0.821855 0.637853
18 0.818081 -0.212427 -0.534433 -0.199958
18 0.123623 0.972513 -0.197321 0.508781
18 0 0 0 1
18 0.511549 0.477954 0.714057 0.651002
18 0.854639 -0.369033 -0.365249 -0.192778
18 0.0889383 0.797104 -0.597257 0.358711
18 0 0 0 1
18 0.494614 0.717764 0.490073 0.605441
18 0.866728 -0.449102 -0.217002 -0.115833
18 0.0643366 0.532093 -0.844238 0.206916
18 0 0 0 1
18 0.383697 0.910653 0.153258 0.54041
18 0.91572 -0.396646 0.0642563 -0.00644275
18 0.119304 0.115687 -0.986095 0.144496
18 0 0 0 1
18 0.806428 0.576687 0.130792 0.536325
18 0.578806 -0.815079 0.0250772 -0.120772
18 0.121067 0.0554801 -0.991093 0.141075
18 0 0 0 1
18 0.992458 0.0709087 0.099997 0.508622
18 0.0714471 -0.997443 -0.00180829 -0.231938
18 0.099613 0.00893914 -0.994986 0.137717
18 0 0 0 1
18 0.886664 -0.457816 0.0650485 0.45844
18 -0.457872 -0.888893 -0.0149253 -0.335106
18 0.0646541 -0.0165502 -0.99777 0.134418
18 0 0 0 1
18 0.519919 -0.853678 0.0303076 0.387897
18 -0.853765 -0.52047 -0.0140082 -0.425782
18 0.0277327 -0.0185925 -0.999442 0.13118
18 0 0 0 1
18 0 -1 9.37637e-16 0.3
18 -1 -5.55112e-17 -1.10405e-15 -0.5
18 1.09815e-15 -9.56047e-16 -1 0.128
18 0 0 0 1
19 1.66533e-16 -1 -5.32293e-16 -1.73472e-17
19 -1 -1.11022e-16 2.04359e-15 0.45
19 -2.01102e-15 5.09072e-16 -1 0.128
19 0 0 0 1
19 0.00963795 -0.972463 0.232859 0.073955
19 -0.928761 0.0775892 0.362468 0.519544
19 -0.370554 -0.219764 -0.902437 0.245123
19 0 0 0 1
19 -0.481104 -0.802971 0.35182 0.20827
19 -0.745836 0.58581 0.317105 0.480165
19 -0.460725 -0.109839 -0.88072 0.255992
19 0 0 0 1
19 -0.794487 -0.397395 0.459204 0.328202
19 -0.323532 0.916896 0.233727 0.408955
19 -0.513924 0.0371258 -0.857032 0.266973
19 0 0 0 1
19 -0.832406 0.109347 0.543271 0.426306
19 0.203461 0.972179 0.116071 0.310588
19 -0.515465 0.207153 -0.831495 0.278047
19 0 0 0 1
19 -0.586 0.551565 0.593616 0.496563
19 0.669586 0.742183 -0.0286132 0.191456
19 -0.456354 0.38071 -0.804239 0.289192
19 0 0 0 1
19 -0.574276 0.562765 0.594561 0.498277
19 0.681601 0.730956 -0.0335186 0.187435
19 -0.453461 0.386004 -0.803352 0.289545
19 0 0 0 1
19 -0.621483 0.735225 0.270561 0.488237
19 0.766316 0.642292 0.0148718 0.22749
19 -0.162845 0.216578 -0.962588 0.197492
19 0 0 0 1
19 -0.144199 0.962388 0.23025 0.532302
19 0.98694 0.156757 -0.0371137 0.117516
19 -0.0718112 0.221891 -0.972423 0.187087
19 0 0 0 1
19 0.383582 0.905498 0.181488 0.552175
19 0.923499 -0.376893 -0.071417 0.000928363
19 0.00373351 0.194998 -0.980797 0.176834
19 0 0 0 1
19 0.80523 0.578538 0.129992 0.547054
19 0.590507 -0.802318 -0.0871005 -0.116983
19 0.053904 0.146897 -0.987682 0.166737
19 0 0 0 1
19 0.993762 0.0762018 0.0814266 0.51729
