0 1.66533e-16 -1 -5.32293e-16 -1.73472e-17
0 -1 -1.11022e-16 2.04359e-15 0.45
0 -2.01102e-15 5.09072e-16 -1 0.128
0 0 0 0 1
0 -0.376029 -0.925485 -0.0456018 0.11047
0 -0.834986 0.3171 0.449717 0.507343
0 -0.401746 0.207184 -0.892006 0.224761
0 0 0 0 1
0 -0.266241 -0.960071 -0.085907 0.13183
0 -0.506683 0.0635768 0.859785 0.547019
0 -0.819993 0.272438 -0.503378 0.373565
0 0 0 0 1
0 -0.301142 -0.950898 -0.071464 0.140855
0 -0.511553 0.0978489 0.853662 0.544643
0 -0.804752 0.293631 -0.515901 0.369192
0 0 0 0 1
0 -0.699414 -0.709736 0.0842373 0.246943
0 -0.427811 0.510147 0.746142 0.501517
0 -0.572537 0.485824 -0.660437 0.317483
0 0 0 0 1
0 -0.945053 -0.267903 0.187358 0.340025
0 -0.109259 0.798981 0.591348 0.435118
0 -0.308119 0.538385 -0.78435 0.269929
0 0 0 0 1
0 -0.938607 0.260962 0.225645 0.415123
0 0.334605 0.847885 0.411254 0.350123
0 -0.0839991 0.461508 -0.88315 0.227065
0 0 0 0 1
0 -0.664229 0.721528 0.19544 0.468956
0 0.746219 0.62453 0.230475 0.252117
0 0.0442363 0.298929 -0.953249 0.189235
0 0 0 0 1
0 -0.179975 0.961635 0.207042 0.52047
0 0.976248 0.148806 0.157468 0.141588
0 0.120618 0.230465 -0.965576 0.180004
0 0 0 0 1
0 0.358945 0.912231 0.197465 0.546656
0 0.919776 -0.381676 0.091296 0.0225988
0 0.158651 0.148854 -0.976049 0.170935
0 0 0 0 1
0 0.79159 0.586786 0.170496 0.546306
0 0.589875 -0.806627 0.0374102 -0.099102
0 0.159478 0.0709576 -0.984648 0.162027
0 0 0 0 1
0 0.98795 0.0820806 0.131213 0.519507
0 0.0828135 -0.996565 -0.000129523 -0.217652
0 0.130752 0.0109942 -0.991354 0.15328
0 0 0 0 1
0 0.888572 -0.45069 0.0855467 0.467626
0 -0.450816 -0.892416 -0.0189402 -0.32736
0 0.0848794 -0.0217361 -0.996154 0.144695
0 0 0 0 1
0 0.522798 -0.851528 0.0397736 0.393239
0 -0.851673 -0.523749 -0.0184678 -0.422989
0 0.0365573 -0.0242192 -0.999038 0.136269
0 0 0 0 1
0 0 -1 9.37637e-16 0.3
0 -1 -5.55112e-17 -1.10405e-15 -0.5
0 1.09815e-15 -9.56047e-16 -1 0.128
0 0 0 0 1
1 1.66533e-16 -1 -5.32293e-16 -1.73472e-17
1 -1 -1.11022e-16 2.04359e-15 0.45
1 -2.01102e-15 5.09072e-16 -1 0.128
1 0 0 0 1
1 -0.211672 -0.973464 0.0869621 0.107063
1 -0.850215 0.227291 0.474841 0.503942
1 -0.482006 0.0265739 -0.875765 0.307278
1 0 0 0 1
1 -0.223611 -0.970592 0.0891642 0.109773
1 -0.84781 0.23882 0.473479 0.503419
1 -0.480849 0.0302807 -0.87628 0.30688
1 0 0 0 1
1 -0.677401 -0.7153 0.171677 0.222199
1 -0.612626 0.677757 0.406615 0.4685
1 -0.407207 0.170268 -0.897325 0.289962
1 0 0 0 1
1 -0.938244 -0.258335 0.230133 0.324974
1 -0.175419 0.928545 0.327158 0.410037
1 -0.298205 0.266584 -0.916519 0.273129
1 0 0 0 1
1 -0.92586 0.271127 0.263197 0.41312
1 0.335469 0.910355 0.24231 0.33062
1 -0.173906 0.312639 -0.933816 0.256397
1 0 0 0 1
1 -0.639661 0.719105 0.271516 0.482345
1 0.766731 0.621919 0.159191 0.2339
1 -0.0543859 0.310008 -0.949177 0.239784
1 0 0 0 1
1 -0.16083 0.952772 0.257604 0.529269
1 0.98603 0.143646 0.0843198 0.124402
1 0.0433336 0.267567 -0.962564 0.223303
1 0 0 0 1
1 0.370474 0.90103 0.225595 0.5516
1 0.922573 -0.385127 0.0231445 0.00730214
1 0.107737 0.199553 -0.973946 0.206971
1 0 0 0 1
1 0.796365 0.577137 0.180874 0.548255
1 0.589719 -0.807352 -0.0203426 -0.11184
1 0.134289 0.122865 -0.983296 0.190801
1 0 0 0 1
1 0.988643 0.0760332 0.129632 0.519413
1 0.0823245 -0.995639 -0.0438767 -0.227362
1 0.125731 0.0540503 -0.990591 0.174807
1 0 0 0 1
1 0.887934 -0.453248 0.0783559 0.46651
1 -0.450844 -0.891361 -0.0470616 -0.333787
1 0.091174 0.00646129 -0.995814 0.159001
1 0 0 0 1
1 0.522404 -0.852048 0.0333031 0.392155
1 -0.851554 -0.523327 -0.0313694 -0.426099
1 0.0441567 -0.0119719 -0.998953 0.143395
1 0 0 0 1
1 0 -1 9.37637e-16 0.3
1 -1 -5.55112e-17 -1.10405e-15 -0.5
1 1.09815e-15 -9.56047e-16 -1 0.128
1 0 0 0 1
2 1.66533e-16 -1 -5.32293e-16 -1.73472e-17
2 -1 -1.11022e-16 2.04359e-15 0.45
2 -2.01102e-15 5.09072e-16 -1 0.128
2 0 0 0 1
2 -0.521279 -0.851308 0.0595132 0.136962
2 -0.852562 0.522572 0.00751719 0.414794
2 -0.0374994 -0.0468201 -0.998199 0.127911
2 0 0 0 1
2 -0.419979 -0.867972 0.265033 0.0955921
2 -0.777069 0.494786 0.389037 0.465245
2 -0.468808 -0.0425614 -0.882274 0.197484
2 0 0 0 1
2 -0.612179 -0.725965 0.313389 0.170228
2 -0.607495 0.685507 0.401285 0.458279
2 -0.506149 0.0552761 -0.860673 0.20571
2 0 0 0 1
2 -0.839998 -0.311245 0.444443 0.325754
2 -0.127036 0.909163 0.396592 0.40605
2 -0.527508 0.276676 -0.803234 0.225689
2 0 0 0 1
2 -0.791785 0.129449 0.596926 0.464978
2 0.390833 0.8584 0.332264 0.302724
2 -0.469389 0.49638 -0.730261 0.24929
2 0 0 0 1
2 -0.504965 0.444175 0.74008 0.570075
2 0.794313 0.574653 0.197079 0.153772
2 -0.337752 0.687374 -0.642994 0.276419
2 0 0 0 1
2 -0.56943 0.744932 0.347601 0.50286
2 0.794095 0.607791 -0.00167397 0.0964911
2 -0.212516 0.275075 -0.937641 0.191447
2 0 0 0 1
2 -0.663006 0.74789 0.0329175 0.425134
2 0.747573 0.663762 -0.0235492 0.216207
2 -0.0394616 0.00899496 -0.999181 0.128833
2 0 0 0 1
2 -0.172038 0.984819 0.0231052 0.477088
2 0.984649 0.172616 -0.0258815 0.119785
2 -0.0294769 0.0182979 -0.999398 0.128938
2 0 0 0 1
2 0.370318 0.928799 0.0140584 0.507431
2 0.928725 -0.369907 -0.025266 0.0127939
2 -0.0182668 0.0224129 -0.999582 0.128967
2 0 0 0 1
2 0.802648 0.596418 0.00654203 0.51401
2 0.5964 -0.802381 -0.0221879 -0.099884
2 -0.00798407 0.0217108 -0.999732 0.128921
2 0 0 0 1
2 0.996249 0.086531 0.00113881 0.495785
2 0.0865378 -0.996098 -0.0173125 -0.212929
2 -0.000363698 0.0173461 -0.999849 0.1288
2 0 0 0 1
2 0.893454 -0.449152 -0.00178977 0.452917
2 -0.449141 -0.893388 -0.0114276 -0.320841
2 0.00353378 0.0110139 -0.999933 0.128606
2 0 0 0 1
2 0.52481 -0.851217 -0.0021259 0.386794
2 -0.851212 -0.524794 -0.00537868 -0.418211
2 0.00346277 0.00463238 -0.999983 0.128339
2 0 0 0 1
2 0 -1 9.37637e-16 0.3
2 -1 -5.55112e-17 -1.10405e-15 -0.5
2 1.09815e-15 -9.56047e-16 -1 0.128
2 0 0 0 1
3 1.66533e-16 -1 -5.32293e-16 -1.73472e-17
3 -1 -1.11022e-16 2.04359e-15 0.45
3 -2.01102e-15 5.09072e-16 -1 0.128
3 0 0 0 1
3 0.0944259 -0.962679 0.253638 0.0910396
3 -0.97298 -0.0353195 0.228172 0.443225
3 -0.210698 -0.26833 -0.940003 0.193611
3 0 0 0 1
3 0.00732426 -0.949287 0.314325 0.16469
3 -0.724119 0.211746 0.656365 0.516534
3 -0.689636 -0.232416 -0.685846 0.291329
3 0 0 0 1
3 -0.0133713 -0.946496 0.322439 0.169538
3 -0.717669 0.233625 0.656026 0.515712
3 -0.696256 -0.222633 -0.682395 0.29194
3 0 0 0 1
3 -0.406822 -0.764937 0.499367 0.273804
3 -0.447639 0.643448 0.620963 0.486723
3 -0.796314 0.0290853 -0.604184 0.306027
3 0 0 0 1
3 -0.615597 -0.421438 0.665906 0.372281
3 -0.00202608 0.845836 0.533439 0.436916
3 -0.788059 0.327034 -0.521548 0.321402
3 0 0 0 1
3 -0.588094 -0.050691 0.807202 0.460591
3 0.47809 0.783214 0.397501 0.36757
3 -0.652362 0.619683 -0.436368 0.337815
3 0 0 0 1
3 -0.358096 0.208981 0.909997 0.534677
3 0.845793 0.485424 0.221353 0.280953
3 -0.395476 0.848935 -0.350583 0.355006
3 0 0 0 1
3 -0.455122 0.540762 0.707418 0.504687
3 0.832448 0.5404 0.122469 0.223845
3 -0.316062 0.644627 -0.696104 0.263287
3 0 0 0 1
3 -0.608455 0.686244 0.398562 0.455211
3 0.777987 0.614904 0.128954 0.267675
3 -0.156583 0.388538 -0.908031 0.226125
3 0 0 0 1
3 -0.164965 0.886116 0.433111 0.511966
3 0.98615 0.140535 0.0880837 0.190724
3 0.017185 0.441643 -0.897026 0.233881
3 0 0 0 1
3 0.313105 0.828177 0.464853 0.55552
3 0.927495 -0.371913 0.0378744 0.102933
3 0.204251 0.41929 -0.884578 0.241908
3 0 0 0 1
3 0.688611 0.533304 0.491326 0.583749
3 0.62184 -0.78284 -0.0218053 0.00665823
3 0.373001 0.320542 -0.870702 0.250199
3 0 0 0 1
3 0.855552 0.0892344 0.509969 0.594967
3 0.156502 -0.983526 -0.0904592 -0.0953221
3 0.493496 0.157204 -0.855423 0.258742
3 0 0 0 1
3 0.768429 -0.37538 0.518273 0.588013
3 -0.339586 -0.925642 -0.166939 -0.199891
3 0.542401 -0.047717 -0.838764 0.267529
3 0 0 0 1
3 0.453916 -0.727891 0.513941 0.562318
3 -0.732775 -0.633096 -0.249459 -0.303697
3 0.506953 -0.263369 -0.820753 0.276549
3 0 0 0 1
3 0.273651 -0.946028 0.173624 0.414914
3 -0.890199 -0.317469 -0.326741 -0.477391
3 0.364226 -0.0651466 -0.929029 0.152183
3 0 0 0 1
3 0 -1 9.37637e-16 0.3
3 -1 -5.55112e-17 -1.10405e-15 -0.5
3 1.09815e-15 -9.56047e-16 -1 0.128
3 0 0 0 1
4 1.66533e-16 -1 -5.32293e-16 -1.73472e-17
4 -1 -1.11022e-16 2.04359e-15 0.45
4 -2.01102e-15 5.09072e-16 -1 0.128
4 0 0 0 1
4 -0.0513844 -0.99863 0.00987602 0.0386844
4 -0.861784 0.049336 0.504871 0.521692
4 -0.504667 0.0174315 -0.863138 0.324941
4 0 0 0 1
4 -0.211244 -0.97649 0.0429456 0.0764803
4 -0.847013 0.204807 0.490534 0.517941
4 -0.487797 0.0672467 -0.870363 0.319242
4 0 0 0 1
4 -0.669688 -0.730104 0.135891 0.195436
4 -0.623921 0.652375 0.430268 0.488262
4 -0.402792 0.20336 -0.892414 0.300939
4 0 0 0 1
4 -0.938862 -0.276705 0.204873 0.305329
4 -0.192487 0.915219 0.354009 0.432894
4 -0.28546 0.29293 -0.912526 0.282761
4 0 0 0 1
4 -0.934696 0.254968 0.24766 0.400555
4 0.319218 0.908597 0.269354 0.354455
4 -0.156347 0.330822 -0.930652 0.264729
4 0 0 0 1
4 -0.653565 0.709258 0.264207 0.476248
4 0.756041 0.628123 0.184024 0.256795
4 -0.0354338 0.320023 -0.946747 0.246864
4 0 0 0 1
4 -0.175327 0.950488 0.256578 0.528548
4 0.982629 0.152841 0.105263 0.144781
4 0.0608352 0.270576 -0.960774 0.229185
4 0 0 0 1
4 0.359269 0.904774 0.228713 0.554814
4 0.925245 -0.37733 0.0392923 0.0240467
4 0.121851 0.197499 -0.972701 0.211711
4 0 0 0 1
4 0.79037 0.583695 0.186052 0.553763
4 0.595435 -0.803351 -0.00915253 -0.0993235
4 0.144123 0.118016 -0.982497 0.194459
4 0 0 0 1
4 0.98743 0.0821107 0.135053 0.525547
4 0.0878601 -0.995439 -0.0371669 -0.219118
4 0.131385 0.0485655 -0.990141 0.177446
4 0 0 0 1
4 0.889376 -0.449647 0.0826338 0.471728
4 -0.447507 -0.893204 -0.0438704 -0.329337
4 0.0935351 0.0020381 -0.995614 0.160689
4 0 0 0 1
4 0.523953 -0.851004 0.0355857 0.395196
4 -0.850579 -0.524965 -0.0304435 -0.424512
4 0.0445888 -0.0143174 -0.998903 0.144202
4 0 0 0 1
4 0 -1 9.37637e-16 0.3
4 -1 -5.55112e-17 -1.10405e-15 -0.5
4 1.09815e-15 -9.56047e-16 -1 0.128
4 0 0 0 1
5 1.66533e-16 -1 -5.32293e-16 -1.73472e-17
5 -1 -1.11022e-16 2.04359e-15 0.45
5 -2.01102e-15 5.09072e-16 -1 0.128
5 0 0 0 1
5 -0.183182 -0.981115 -0.0621134 0.00547149
5 -0.921355 0.149302 0.358907 0.455836
5 -0.342856 0.122974 -0.931304 0.16489
5 0 0 0 1
5 -0.236902 -0.969616 0.0610071 0.000285903
5 -0.611018 0.19752 0.766579 0.519265
5 -0.755337 0.144328 -0.639246 0.265325
5 0 0 0 1
5 -0.451443 -0.881654 0.137425 0.0132713
5 -0.276597 0.284695 0.917847 0.550267
5 -0.848347 0.376345 -0.372386 0.283509
5 0 0 0 1
5 -0.473763 -0.86825 0.14728 0.0231453
5 -0.271745 0.30321 0.913356 0.550151
5 -0.837677 0.392691 -0.379592 0.284253
5 0 0 0 1
5 -0.726198 -0.636862 0.258927 0.145358
5 -0.149315 0.513747 0.844848 0.533008
5 -0.671075 0.574865 -0.468175 0.294058
5 0 0 0 1
5 -0.88935 -0.299711 0.345296 0.260815
5 0.0766837 0.646728 0.758856 0.487566
5 -0.45075 0.701368 -0.552185 0.30513
5 0 0 0 1
5 -0.910033 0.0988777 0.402571 0.362478
5 0.365169 0.65084 0.665626 0.416563
5 -0.196194 0.752748 -0.628393 0.317857
5 0 0 0 1
5 -0.759546 0.486716 0.431505 0.44447
5 0.647161 0.498811 0.576516 0.324557
5 0.0653602 0.717144 -0.693854 0.332583
5 0 0 0 1
5 -0.449019 0.778954 0.437735 0.502539
5 0.840865 0.202684 0.501862 0.217431
5 0.302206 0.593422 -0.746004 0.349586
5 0 0 0 1
5 -0.179497 0.969226 0.168469 0.476552
5 0.980609 0.162586 0.109419 0.159049
5 0.0786609 0.184843 -0.979615 0.149818
5 0 0 0 1
5 0.360969 0.919123 0.15784 0.51419
5 0.92593 -0.373399 0.056814 0.0450671
5 0.111156 0.12564 -0.985829 0.146465
5 0 0 0 1
5 0.794591 0.592276 0.133544 0.52501
5 0.59589 -0.802918 0.0154246 -0.0756911
5 0.116361 0.0673215 -0.990923 0.142994
5 0 0 0 1
5 0.991249 0.0858359 0.100285 0.507892
5 0.0874336 -0.996102 -0.0116382 -0.196912
5 0.0988952 0.0203046 -0.994891 0.139409
5 0 0 0 1
5 0.891434 -0.448698 0.0633751 0.463203
5 -0.448187 -0.893648 -0.0228519 -0.312126
5 0.0668886 -0.00803302 -0.997728 0.135713
5 0 0 0 1
5 0.524485 -0.850951 0.0282543 0.392809
5 -0.850874 -0.525048 -0.0183749 -0.415065
5 0.030471 -0.0144035 -0.999432 0.131909
5 0 0 0 1
5 0 -1 9.37637e-16 0.3
5 -1 -5.55112e-17 -1.10405e-15 -0.5
5 1.09815e-15 -9.56047e-16 -1 0.128
5 0 0 0 1
6 1.66533e-16 -1 -5.32293e-16 -1.73472e-17
6 -1 -1.11022e-16 2.04359e-15 0.45
6 -2.01102e-15 5.09072e-16 -1 0.128
6 0 0 0 1
6 -0.527852 -0.848989 0.0242885 0.116212
6 -0.849129 0.528139 0.00699754 0.438748
6 -0.0187685 -0.0169304 -0.999681 0.13436
6 0 0 0 1
6 -0.895795 -0.441592 0.0504757 0.227452
6 -0.442043 0.896991 0.0024528 0.400011
6 -0.0463594 -0.0201152 -0.998722 0.140878
6 0 0 0 1
6 -0.931771 -0.163709 0.32404 0.285624
6 -0.163509 0.986143 0.0280432 0.434133
6 -0.32414 -0.0268535 -0.945628 0.160745
6 0 0 0 1
6 -0.808798 -0.189672 0.556659 0.293437
6 0.0771041 0.904189 0.420115 0.532421
6 -0.583009 0.382709 -0.716683 0.235751
6 0 0 0 1
6 -0.557161 0.107037 0.823477 0.405931
6 0.600412 0.736974 0.310443 0.440596
6 -0.573652 0.667392 -0.474879 0.338925
6 0 0 0 1
6 -0.171768 0.20825 0.962875 0.472199
6 0.90786 0.412933 0.0726447 0.324296
6 -0.382474 0.886633 -0.25999 0.428408
6 0 0 0 1
6 -0.398138 0.403968 0.823587 0.490977
6 0.859293 0.478502 0.180695 0.365255
6 -0.321093 0.779645 -0.537637 0.241853
6 0 0 0 1
6 -0.510004 0.626272 0.589644 0.510704
6 0.77917 0.626759 0.00823994 0.305033
6 -0.364404 0.463635 -0.807621 0.165176
6 0 0 0 1
6 -0.461584 0.842568 0.277523 0.480644
6 0.848766 0.510439 -0.138018 0.215609
6 -0.257948 0.171845 -0.950753 0.172359
6 0 0 0 1
6 0.0604129 0.971559 0.228963 0.525292
6 0.980036 -0.0142042 -0.198315 0.0884744
6 -0.189422 0.236372 -0.95302 0.177679
6 0 0 0 1
6 0.572214 0.802689 0.168113 0.537579
6 0.813155 -0.528685 -0.243458 -0.0449861
6 -0.106542 0.276012 -0.955231 0.182989
6 0 0 0 1
6 0.916891 0.386568 0.0993773 0.517115
6 0.398742 -0.876052 -0.271179 -0.176698
6 -0.0177694 0.288267 -0.957385 0.188288
6 0 0 0 1
6 0.988243 -0.150397 0.0275025 0.465485
6 -0.136785 -0.950081 -0.280422 -0.298778
6 0.0683042 0.273363 -0.959483 0.193575
6 0 0 0 1
6 0.76342 -0.644486 -0.0427388 0.386133
6 -0.629694 -0.727901 -0.271377 -0.404007
6 0.143789 0.234087 -0.961524 0.198851
6 0 0 0 1
6 0.31013 -0.944669 -0.106866 0.284139
6 -0.928938 -0.277202 -0.245425 -0.486261
6 0.202222 0.175385 -0.963507 0.204114
6 0 0 0 1
6 0 -1 9.37637e-16 0.3
6 -1 -5.55112e-17 -1.10405e-15 -0.5
6 1.09815e-15 -9.56047e-16 -1 0.128
6 0 0 0 1
7 1.66533e-16 -1 -5.32293e-16 -1.73472e-17
7 -1 -1.11022e-16 2.04359e-15 0.45
7 -2.01102e-15 5.09072e-16 -1 0.128
7 0 0 0 1
7 -0.415043 -0.905722 0.0860601 0.127564
7 -0.816599 0.41256 0.403683 0.49977
7 -0.401129 0.0972692 -0.910842 0.228205
7 0 0 0 1
7 -0.78854 -0.564982 0.242899 0.241812
7 -0.46456 0.806042 0.366716 0.466163
7 -0.402975 0.176329 -0.898064 0.239089
7 0 0 0 1
7 -0.920157 -0.0787009 0.383559 0.347257
7 0.035881 0.958521 0.282753 0.40807
7 -0.389902 0.27394 -0.879166 0.250961
7 0 0 0 1
7 -0.770545 0.401373 0.495137 0.438563
7 0.534112 0.830529 0.157946 0.327868
7 -0.34783 0.386163 -0.854337 0.263781
7 0 0 0 1
7 -0.763457 0.411918 0.49745 0.440617
7 0.545171 0.823986 0.154386 0.325613
7 -0.346297 0.389063 -0.853644 0.264113
7 0 0 0 1
7 -0.651942 0.721608 0.232925 0.469271
7 0.757256 0.635467 0.150816 0.247702
7 -0.0391862 0.274707 -0.960729 0.192888
7 0 0 0 1
7 -0.170375 0.959639 0.223752 0.519992
7 0.984349 0.15537 0.0831661 0.137872
7 0.045045 0.23442 -0.971091 0.183301
7 0 0 0 1
7 0.365207 0.909699 0.197663 0.545671
7 0.925603 -0.377514 0.0272548 0.0196777
7 0.099414 0.173003 -0.979891 0.173817
7 0 0 0 1
7 0.79515 0.585064 0.159489 0.545097
7 0.594302 -0.804136 -0.0130946 -0.101214
7 0.120589 0.105197 -0.987113 0.164439
7 0 0 0 1
7 0.990028 0.0815747 0.114847 0.51833
7 0.0861725 -0.995642 -0.0356472 -0.219015
7 0.111439 0.0451884 -0.992743 0.155167
7 0 0 0 1
7 0.890066 -0.450477 0.0696644 0.466696
7 -0.448727 -0.892778 -0.0398959 -0.328095
7 0.080167 0.00424974 -0.996772 0.146004
7 0 0 0 1
7 0.523794 -0.851328 0.0296849 0.392721
7 -0.85097 -0.524517 -0.0270683 -0.42326
7 0.0386142 -0.0110827 -0.999193 0.136948
7 0 0 0 1
7 0 -1 9.37637e-16 0.3
7 -1 -5.55112e-17 -1.10405e-15 -0.5
7 1.09815e-15 -9.56047e-16 -1 0.128
7 0 0 0 1
8 1.66533e-16 -1 -5.32293e-16 -1.73472e-17
8 -1 -1.11022e-16 2.04359e-15 0.45
8 -2.01102e-15 5.09072e-16 -1 0.128
8 0 0 0 1
8 -0.525049 -0.850609 0.0280505 0.11307
8 -0.849995 0.525758 0.0329705 0.44609
8 -0.0427928 -0.00653164 -0.999063 0.133762
8 0 0 0 1
8 -0.891799 -0.447093 0.0692953 0.224549
8 -0.444355 0.894356 0.0517327 0.415797
8 -0.085104 0.0153435 -0.996254 0.139927
8 0 0 0 1
8 -0.885696 -0.44784 0.122401 0.229945
8 -0.359717 0.82864 0.428906 0.528293
8 -0.293508 0.33585 -0.895018 0.26107
8 0 0 0 1
8 -0.943776 -0.283469 0.170092 0.274048
8 -0.190195 0.886433 0.421975 0.510699
8 -0.270392 0.3659 -0.890509 0.260429
8 0 0 0 1
8 -0.922936 0.230432 0.308368 0.397467
8 0.339995 0.863617 0.372248 0.437668
8 -0.180534 0.448404 -0.875409 0.258759
8 0 0 0 1
8 -0.628802 0.64814 0.429561 0.501994
8 0.77521 0.565521 0.281488 0.337098
8 -0.0604823 0.51 -0.858045 0.257458
8 0 0 0 1
8 -0.156901 0.838281 0.522175 0.581502
8 0.983959 0.0872372 0.155609 0.213859
8 0.0848913 0.538214 -0.838522 0.256511
8 0 0 0 1
8 0.341842 0.742006 0.57669 0.631116
8 0.907169 -0.420751 0.00362684 0.0741827
8 0.245334 0.521915 -0.816955 0.255903
8 0 0 0 1
8 0.709261 0.391283 0.586383 0.647516
8 0.576471 -0.800699 -0.162979 -0.0746608
8 0.405745 0.453628 -0.793468 0.255615
8 0 0 0 1
8 0.830285 -0.101932 0.547939 0.629155
8 0.103371 -0.937911 -0.331115 -0.224752
8 0.547669 0.331561 -0.768197 0.255629
8 0 0 0 1
8 0.669189 -0.582167 0.461809 0.576379
8 -0.357209 -0.796974 -0.487067 -0.367954
8 0.651604 0.160978 -0.741282 0.255924
8 0 0 0 1
8 0.280051 -0.900642 0.332288 0.491444
8 -0.657132 -0.432183 -0.617572 -0.496372
8 0.699821 -0.0454051 -0.712874 0.256479
8 0 0 0 1
8 0.0958981 -0.992758 0.0723502 0.336803
8 -0.884743 -0.118318 -0.450812 -0.530887
8 0.456108 -0.0207793 -0.889682 0.213036
8 0 0 0 1
8 0 -1 9.37637e-16 0.3
8 -1 -5.55112e-17 -1.10405e-15 -0.5
8 1.09815e-15 -9.56047e-16 -1 0.128
8 0 0 0 1
9 1.66533e-16 -1 -5.32293e-16 -1.73472e-17
9 -1 -1.11022e-16 2.04359e-15 0.45
9 -2.01102e-15 5.09072e-16 -1 0.128
9 0 0 0 1
9 -0.281569 -0.948355 0.146087 0.163655
9 -0.883261 0.315652 0.34672 0.456682
9 -0.374926 -0.031407 -0.926522 0.200012
9 0 0 0 1
9 -0.710555 -0.643942 0.283638 0.294594
9 -0.560054 0.761601 0.326043 0.406921
9 -0.425972 0.072819 -0.901801 0.210524
9 0 0 0 1
9 -0.800481 -0.467693 0.374825 0.300829
9 -0.194658 0.794342 0.575437 0.454464
9 -0.566867 0.387664 -0.726896 0.234423
9 0 0 0 1
9 -0.900509 -0.0321871 0.433645 0.380963
9 0.211376 0.839102 0.501227 0.405623
9 -0.380005 0.543022 -0.748815 0.251473
9 0 0 0 1
9 -0.783234 0.397238 0.478275 0.452497
9 0.601833 0.677459 0.422902 0.342431
9 -0.156019 0.619073 -0.76968 0.268709
9 0 0 0 1
9 -0.476302 0.717001 0.508966 0.512671
9 0.87618 0.338446 0.343166 0.266605
9 0.0737926 0.609397 -0.789424 0.286069
9 0 0 0 1
9 -0.0546633 0.84842 0.526493 0.559106
9 0.958934 -0.102363 0.264515 0.180416
9 0.278313 0.519331 -0.807983 0.303485
9 0 0 0 1
9 0.207022 0.821596 0.531151 0.579345
9 0.90304 -0.36934 0.219332 0.125559
9 0.376378 0.434244 -0.818396 0.313803
9 0 0 0 1
9 0.396937 0.900995 0.175067 0.533921
9 0.915751 -0.40164 -0.00924731 -0.0225656
9 0.0619823 0.163989 -0.984513 0.161413
9 0 0 0 1
9 0.812391 0.567066 0.135857 0.528794
9 0.576038 -0.816632 -0.0359465 -0.132327
9 0.0905612 0.107461 -0.990076 0.154796
9 0 0 0 1
9 0.993468 0.0641561 0.0943708 0.501462
9 0.068846 -0.996505 -0.0473076 -0.239288
9 0.0910059 0.0534956 -0.994412 0.148144
9 0 0 0 1
9 0.885659 -0.461046 0.0551878 0.452856
9 -0.459158 -0.887275 -0.0437975 -0.338961
9 0.0691594 0.0134498 -0.997515 0.141459
9 0 0 0 1
9 0.519049 -0.854448 0.0225388 0.384812
9 -0.854033 -0.519512 -0.0271044 -0.427124
9 0.0348685 -0.00518039 -0.999378 0.134744
9 0 0 0 1
9 0 -1 9.37637e-16 0.3
9 -1 -5.55112e-17 -1.10405e-15 -0.5
9 1.09815e-15 -9.56047e-16 -1 0.128
9 0 0 0 1
10 1.66533e-16 -1 -5.32293e-16 -1.73472e-17
10 -1 -1.11022e-16 2.04359e-15 0.45
10 -2.01102e-15 5.09072e-16 -1 0.128
10 0 0 0 1
10 -0.525236 -0.850957 0.000774354 0.109874
10 -0.850628 0.525058 0.0273169 0.450014
10 -0.023652 0.0136891 -0.999627 0.131667
10 0 0 0 1
10 -0.893671 -0.448512 0.0137369 0.220093
10 -0.447277 0.892831 0.0528801 0.424763
10 -0.0359821 0.0411133 -0.998506 0.135496
10 0 0 0 1
10 -0.920996 -0.234391 0.31117 0.263804
10 -0.138799 0.943762 0.300079 0.479529
10 -0.364006 0.233182 -0.901735 0.175901
10 0 0 0 1
10 -0.905176 -0.163555 0.39231 0.358805
10 0.113775 0.79608 0.5944 0.452113
10 -0.409527 0.582672 -0.701984 0.247979
10 0 0 0 1
10 -0.841718 0.191458 0.504832 0.405411
10 0.409893 0.835185 0.36668 0.438095
10 -0.351424 0.515568 -0.781467 0.206228
10 0 0 0 1
10 -0.530231 0.451377 0.717714 0.540416
10 0.827287 0.460751 0.32141 0.352692
10 -0.18561 0.764178 -0.617723 0.246933
10 0 0 0 1
10 -0.133856 0.434367 0.890734 0.651407
10 0.985899 -0.0327144 0.16411 0.225448
10 0.100424 0.900142 -0.423864 0.296536
10 0 0 0 1
10 0.165931 0.154998 0.97388 0.723789
10 0.883552 -0.461957 -0.0770181 0.0642484
10 0.437953 0.873254 -0.213601 0.353433
10 0 0 0 1
10 0.238779 -0.260415 0.935505 0.746238
10 0.62936 -0.692154 -0.353312 -0.117475
10 0.739521 0.673132 -0.00137711 0.415645
10 0 0 0 1
10 0.0646938 -0.635081 0.769731 0.712861
10 0.383861 -0.696159 -0.606641 -0.302377
10 0.921122 0.334716 0.198746 0.480964
10 0 0 0 1
10 -0.0118825 -0.40014 0.916377 0.751249
10 0.168161 -0.904189 -0.392638 -0.209411
10 0.985688 0.149433 0.078032 0.46092
10 0 0 0 1
10 0.00967729 -0.510308 0.859937 0.718861
10 -0.141314 -0.852045 -0.504034 -0.289316
10 0.989918 -0.116643 -0.080359 0.434992
10 0 0 0 1
10 0.257216 -0.604724 0.753757 0.644525
10 -0.357879 -0.78415 -0.506983 -0.399629
10 0.897643 -0.13935 -0.418113 0.349959
10 0 0 0 1
10 0.480555 -0.669772 0.566103 0.536659
10 -0.586104 -0.725472 -0.360793 -0.476175
10 0.652341 -0.158414 -0.741186 0.247007
10 0 0 0 1
10 0.411614 -0.88117 0.232624 0.437792
10 -0.876742 -0.452544 -0.162871 -0.478354
10 0.24879 -0.136911 -0.958832 0.174098
10 0 0 0 1
10 0 -1 9.37637e-16 0.3
10 -1 -5.55112e-17 -1.10405e-15 -0.5
10 1.09815e-15 -9.56047e-16 -1 0.128
10 0 0 0 1
11 1.66533e-16 -1 -5.32293e-16 -1.73472e-17
11 -1 -1.11022e-16 2.04359e-15 0.45
11 -2.01102e-15 5.09072e-16 -1 0.128
11 0 0 0 1
11 -0.52474 -0.850895 0.0249999 0.110719
11 -0.850559 0.525274 0.0252487 0.443472
11 -0.0346158 -0.00801482 -0.999369 0.132097
11 0 0 0 1
11 -0.892009 -0.448046 0.0597875 0.218773
11 -0.446468 0.893979 0.0383074 0.411851
11 -0.0706123 0.00747728 -0.997476 0.136447
11 0 0 0 1
11 -0.911002 -0.247174 0.330122 0.26965
11 -0.0998809 0.908893 0.404891 0.484223
11 -0.400125 0.335883 -0.852691 0.210612
11 0 0 0 1
11 -0.773115 -0.196447 0.603077 0.300784
11 0.145657 0.870426 0.470258 0.500477
11 -0.617315 0.451406 -0.644325 0.215623
11 0 0 0 1
11 -0.581001 -0.109959 0.806441 0.373443
11 0.51285 0.719925 0.467646 0.498971
11 -0.631999 0.685286 -0.361884 0.241326
11 0 0 0 1
11 -0.653209 0.0648831 0.754393 0.394112
11 0.573138 0.69345 0.436624 0.476893
11 -0.494804 0.717578 -0.490155 0.221517
11 0 0 0 1
11 -0.667668 0.371318 0.645245 0.417968
11 0.695409 0.620479 0.362509 0.438504
11 -0.265755 0.690745 -0.672492 0.195432
11 0 0 0 1
11 -0.76422 0.478253 0.432714 0.425873
11 0.609036 0.755908 0.240164 0.358745
11 -0.212233 0.447077 -0.868953 0.20575
11 0 0 0 1
11 -0.367257 0.807072 0.462339 0.503998
11 0.927308 0.35633 0.114583 0.246261
11 -0.0722684 0.470812 -0.879269 0.202569
11 0 0 0 1
11 0.143593 0.877291 0.457975 0.553759
11 0.987698 -0.155993 -0.0108634 0.119336
11 0.0619107 0.453901 -0.888899 0.199511
11 0 0 0 1
11 0.614728 0.666676 0.421488 0.572726
11 0.768022 -0.627621 -0.127417 -0.0150421
11 0.179589 0.402039 -0.897838 0.196576
11 0 0 0 1
11 0.903385 0.23771 0.356916 0.560156
11 0.330786 -0.915942 -0.227222 -0.149545
11 0.272901 0.323332 -0.90608 0.193762
11 0 0 0 1
11 0.920997 -0.280698 0.270136 0.517016
11 -0.195092 -0.932532 -0.303848 -0.276907
11 0.3372 0.227142 -0.913621 0.191069
11 0 0 0 1
11 0.660381 -0.731801 0.168418 0.445918
11 -0.652882 -0.670335 -0.3527 -0.390315
11 0.371002 0.122959 -0.920456 0.188496
11 0 0 0 1
11 0.198405 -0.978289 0.0598885 0.350957
11 -0.905298 -0.206332 -0.371297 -0.483775
11 0.375593 0.0194504 -0.926581 0.186042
11 0 0 0 1
11 0 -1 9.37637e-16 0.3
11 -1 -5.55112e-17 -1.10405e-15 -0.5
11 1.09815e-15 -9.56047e-16 -1 0.128
11 0 0 0 1
12 1.66533e-16 -1 -5.32293e-16 -1.73472e-17
12 -1 -1.11022e-16 2.04359e-15 0.45
12 -2.01102e-15 5.09072e-16 -1 0.128
12 0 0 0 1
12 -0.521281 -0.853113 0.0215674 0.105939
12 -0.85264 0.521715 0.0285949 0.449365
12 -0.0356467 -0.0034833 -0.999358 0.128956
12 0 0 0 1
12 -0.483145 -0.822394 0.300397 0.133823
12 -0.705196 0.56887 0.423184 0.490912
12 -0.518911 -0.00737914 -0.854796 0.225877
12 0 0 0 1
12 -0.443952 -0.81799 0.365785 0.0938892
12 -0.397307 0.545596 0.737884 0.462319
12 -0.803153 0.182256 -0.567211 0.44161
12 0 0 0 1
12 -0.666466 -0.581203 0.466933 0.187257
12 -0.256709 0.766906 0.58818 0.461948
12 -0.699946 0.272136 -0.660316 0.377858
12 0 0 0 1
12 -0.835309 -0.158571 0.526416 0.308605
12 0.0549455 0.92863 0.366916 0.422663
12 -0.547028 0.335412 -0.766981 0.293193
12 0 0 0 1
12 -0.805855 0.320622 0.497795 0.415294
12 0.440868 0.886113 0.142968 0.340982
12 -0.395264 0.334673 -0.85543 0.207384
12 0 0 0 1
12 -0.478108 0.708776 0.5187 0.498036
12 0.830796 0.556552 0.00528153 0.237678
12 -0.28494 0.433459 -0.85494 0.199577
12 0 0 0 1
12 0.0052547 0.864342 0.502878 0.555447
12 0.988498 0.0715184 -0.133254 0.116462
12 -0.151142 0.497794 -0.854024 0.191544
12 0 0 0 1
12 0.497888 0.74055 0.451324 0.583673
12 0.867232 -0.422693 -0.263134 -0.0164259
12 -0.00409247 0.522414 -0.852682 0.183291
12 0 0 0 1
12 0.851099 0.375 0.36743 0.580402
12 0.50462 -0.777444 -0.37542 -0.153925
12 0.144874 0.504932 -0.850914 0.174822
12 0 0 0 1
12 0.958741 -0.12203 0.256759 0.545039
12 0.0109626 -0.886641 -0.462329 -0.288538
12 0.284071 0.446069 -0.848721 0.166145
12 0 0 0 1
12 0.789023 -0.60116 0.126681 0.47878
12 -0.464344 -0.718555 -0.517748 -0.412746
12 0.402277 0.349691 -0.846102 0.157262
12 0 0 0 1
12 0.393731 -0.919118 -0.014104 0.384586
12 -0.778012 -0.325034 -0.537633 -0.519443
12 0.489564 0.222656 -0.843061 0.148182
12 0 0 0 1
12 0.125055 -0.983641 0.129659 0.423632
12 -0.917222 -0.164441 -0.362855 -0.488003
12 0.37824 -0.0735488 -0.922781 0.149761
12 0 0 0 1
12 0 -1 9.37637e-16 0.3
12 -1 -5.55112e-17 -1.10405e-15 -0.5
12 1.09815e-15 -9.56047e-16 -1 0.128
12 0 0 0 1
13 1.66533e-16 -1 -5.32293e-16 -1.73472e-17
13 -1 -1.11022e-16 2.04359e-15 0.45
13 -2.01102e-15 5.09072e-16 -1 0.128
13 0 0 0 1
13 -0.0362347 -0.997259 0.0645168 0.0882589
13 -0.844976 0.0650435 0.530835 0.514347
13 -0.533576 -0.0352805 -0.845016 0.293583
13 0 0 0 1
13 -0.101137 -0.991551 0.0812226 0.104574
13 -0.83638 0.128951 0.532767 0.512871
13 -0.538739 -0.0140505 -0.842355 0.292426
13 0 0 0 1
13 -0.565244 -0.795595 0.218011 0.232542
13 -0.61704 0.583171 0.528368 0.484026
13 -0.547505 0.164136 -0.820547 0.283362
13 0 0 0 1
13 -0.848026 -0.392767 0.355791 0.352977
13 -0.190301 0.852269 0.48726 0.425171
13 -0.494609 0.345502 -0.79749 0.274486
13 0 0 0 1
13 -0.870437 0.0871934 0.484497 0.458758
13 0.313563 0.856911 0.409124 0.338315
13 -0.379498 0.508037 -0.773227 0.265798
13 0 0 0 1
13 -0.634877 0.493969 0.594076 0.543308
13 0.743639 0.599281 0.296416 0.227174
13 -0.209598 0.629966 -0.747805 0.257298
13 0 0 0 1
13 -0.222791 0.703143 0.675244 0.60101
13 0.974866 0.160695 0.154315 0.0970203
13 -2.53979e-06 0.692652 -0.721272 0.248985
13 0 0 0 1
13 0.232014 0.653797 0.720221 0.627577
13 0.945638 -0.32508 -0.00953223 -0.0455691
13 0.227897 0.683281 -0.693679 0.240859
13 0 0 0 1
13 0.585617 0.365759 0.723376 0.62035
13 0.675074 -0.714058 -0.185465 -0.193051
13 0.448697 0.596944 -0.665079 0.232917
13 0 0 0 1
13 0.728397 -0.06842 0.68173 0.578523
13 0.254998 -0.896451 -0.362424 -0.337328
13 0.635935 0.437828 -0.635526 0.225158
13 0 0 0 1
13 0.617816 -0.513744 0.595291 0.503246
13 -0.18031 -0.829444 -0.528688 -0.470199
13 0.765371 0.219295 -0.605077 0.21758
13 0 0 0 1
13 0.289634 -0.835382 0.467172 0.397629
13 -0.496721 -0.548408 -0.672693 -0.583847
13 0.818157 -0.0372195 -0.573789 0.210179
13 0 0 0 1
13 0.258083 -0.910917 0.321905 0.388891
13 -0.686075 -0.407391 -0.602772 -0.525758
13 0.680217 -0.0652862 -0.730098 0.225715
13 0 0 0 1
13 0.048482 -0.988064 0.146217 0.300507
13 -0.933807 -0.0967908 -0.344437 -0.533559
13 0.354478 -0.11984 -0.927353 0.145191
13 0 0 0 1
13 0 -1 9.37637e-16 0.3
13 -1 -5.55112e-17 -1.10405e-15 -0.5
13 1.09815e-15 -9.56047e-16 -1 0.128
13 0 0 0 1
14 1.66533e-16 -1 -5.32293e-16 -1.73472e-17
14 -1 -1.11022e-16 2.04359e-15 0.45
14 -2.01102e-15 5.09072e-16 -1 0.128
14 0 0 0 1
14 -0.527858 -0.849151 0.017536 0.117733
14 -0.848538 0.528145 0.0323538 0.448437
14 -0.0367348 0.00219829 -0.999323 0.130235
14 0 0 0 1
14 -0.895547 -0.442233 0.0492494 0.234981
14 -0.439693 0.896486 0.0546176 0.418078
14 -0.0683051 0.027258 -0.997292 0.132711
14 0 0 0 1
14 -0.86457 -0.277126 0.41919 0.295996
14 -0.196887 0.954303 0.224812 0.463347
14 -0.462335 0.111833 -0.879625 0.182206
14 0 0 0 1
14 -0.871489 -0.326746 0.365709 0.2084
14 0.0229423 0.717735 0.695938 0.548577
14 -0.489877 0.614893 -0.618002 0.307478
14 0 0 0 1
14 -0.876119 0.0455846 0.479935 0.345367
14 0.277452 0.861805 0.424632 0.46567
14 -0.394254 0.505187 -0.767691 0.244461
14 0 0 0 1
14 -0.732069 0.509952 0.451689 0.467404
14 0.599055 0.797605 0.0704228 0.321739
14 -0.324357 0.322141 -0.889392 0.179154
14 0 0 0 1
14 -0.333277 0.831085 0.445223 0.544534
14 0.923195 0.383527 -0.0248506 0.202006
14 -0.191408 0.402745 -0.895075 0.177193
14 0 0 0 1
14 0.176194 0.890278 0.419954 0.591672
14 0.983458 -0.141 -0.113703 0.0660688
14 -0.0420133 0.433041 -0.900394 0.175204
14 0 0 0 1
14 0.640824 0.667959 0.378386 0.605478
14 0.760347 -0.620245 -0.192793 -0.0785876
14 0.105914 0.41125 -0.905348 0.173187
14 0 0 0 1
14 0.917874 0.229901 0.3235 0.584474
14 0.319725 -0.911267 -0.259554 -0.223807
14 0.235123 0.341669 -0.909934 0.171144
14 0 0 0 1
14 0.920724 -0.292271 0.258544 0.529177
14 -0.20667 -0.927256 -0.312225 -0.361228
14 0.330991 0.234039 -0.91415 0.169075
14 0 0 0 1
14 0.645398 -0.740643 0.186839 0.442109
14 -0.660791 -0.664063 -0.349823 -0.482767
14 0.383167 0.102313 -0.917995 0.166983
14 0 0 0 1
14 0.172167 -0.978725 0.111603 0.327694
14 -0.905999 -0.201801 -0.372078 -0.581104
14 0.386684 -0.0370525 -0.921468 0.164868
14 0 0 0 1
14 0 -1 9.37637e-16 0.3
14 -1 -5.55112e-17 -1.10405e-15 -0.5
14 1.09815e-15 -9.56047e-16 -1 0.128
14 0 0 0 1
15 1.66533e-16 -1 -5.32293e-16 -1.73472e-17
15 -1 -1.11022e-16 2.04359e-15 0.45
15 -2.01102e-15 5.09072e-16 -1 0.128
15 0 0 0 1
15 -0.347677 -0.923773 0.160512 0.164661
15 -0.85968 0.382406 0.338697 0.487729
15 -0.37426 -0.0202312 -0.927103 0.178764
15 0 0 0 1
15 -0.746349 -0.609404 0.267563 0.291091
15 -0.503977 0.780052 0.370844 0.464912
15 -0.434708 0.141934 -0.889317 0.189604
15 0 0 0 1
15 -0.857183 -0.388998 0.337518 0.294576
15 -0.140457 0.80709 0.573479 0.462634
15 -0.495489 0.444169 -0.746461 0.232688
15 0 0 0 1
15 -0.857602 -0.38761 0.338048 0.29507
15 -0.139091 0.807581 0.573121 0.462483
15 -0.495149 0.44449 -0.746496 0.232682
15 0 0 0 1
15 -0.875277 0.0544471 0.480547 0.441638
15 0.295689 0.846535 0.442658 0.392907
15 -0.382699 0.529541 -0.757052 0.229068
15 0 0 0 1
15 -0.675875 0.45789 0.577521 0.569557
15 0.69051 0.667351 0.278994 0.277657
15 -0.257661 0.587349 -0.767223 0.22191
15 0 0 0 1
15 -0.62514 0.744841 0.233263 0.487009
15 0.775833 0.625668 0.0813733 0.211061
15 -0.0853354 0.231843 -0.969003 0.159733
15 0 0 0 1
15 -0.141604 0.967237 0.210718 0.527934
15 0.989917 0.139104 0.0267146 0.103813
15 -0.00347238 0.212376 -0.977182 0.154927
15 0 0 0 1
15 0.387977 0.904545 0.176842 0.545887
15 0.919974 -0.391698 -0.0148172 -0.0095278
15 0.0558657 0.168439 -0.984128 0.150212
15 0 0 0 1
15 0.807795 0.573516 0.136188 0.540118
15 0.583023 -0.811413 -0.0411522 -0.124091
15 0.086903 0.112643 -0.989828 0.145588
15 0 0 0 1
15 0.993123 0.0702977 0.093616 0.510901
15 0.0753495 -0.995823 -0.0515641 -0.234962
15 0.0896001 0.0582635 -0.994272 0.141056
15 0 0 0 1
15 0.887672 -0.457308 0.053929 0.459515
15 -0.455232 -0.889148 -0.0466948 -0.337394
15 0.0693047 0.0168994 -0.997452 0.136615
15 0 0 0 1
15 0.520922 -0.853333 0.0215111 0.388189
15 -0.852865 -0.521354 -0.0284824 -0.427013
15 0.0355199 -0.00350893 -0.999363 0.132263
15 0 0 0 1
15 0 -1 9.37637e-16 0.3
15 -1 -5.55112e-17 -1.10405e-15 -0.5
15 1.09815e-15 -9.56047e-16 -1 0.128
15 0 0 0 1
16 1.66533e-16 -1 -5.32293e-16 -1.73472e-17
16 -1 -1.11022e-16 2.04359e-15 0.45
16 -2.01102e-15 5.09072e-16 -1 0.128
16 0 0 0 1
16 -0.527123 -0.849687 0.0131888 0.114874
16 -0.848275 0.527046 0.0514881 0.449295
16 -0.0506998 0.0159528 -0.998587 0.137029
16 0 0 0 1
16 -0.894386 -0.444567 0.0493387 0.229667
16 -0.438977 0.89357 0.0939794 0.420983
16 -0.0858677 0.0623953 -0.994351 0.146748
16 0 0 0 1
16 -0.94849 -0.172895 0.265468 0.32355
16 -0.00679422 0.84886 0.528573 0.452045
16 -0.316733 0.499543 -0.806311 0.282253
16 0 0 0 1
16 -0.883107 0.152447 0.443714 0.427037
16 0.391259 0.761213 0.517176 0.397541
16 -0.258919 0.630329 -0.731879 0.306276
16 0 0 0 1
16 -0.586924 0.45351 0.670708 0.547926
16 0.803407 0.428833 0.413085 0.288424
16 -0.100283 0.781301 -0.616045 0.342248
16 0 0 0 1
16 -0.172644 0.503456 0.846597 0.636426
16 0.97553 -0.0314059 0.217614 0.144089
16 0.136147 0.86345 -0.485714 0.381991
16 0 0 0 1
16 0.193833 0.28937 0.937387 0.681796
16 0.889044 -0.455785 -0.0431371 -0.0248043
16 0.414764 0.84174 -0.345609 0.424804
16 0 0 0 1
16 0.373772 -0.101535 0.921947 0.677117
16 0.624895 -0.706974 -0.331202 -0.204214
16 0.685421 0.699914 -0.200798 0.469893
16 0 0 0 1
16 0.310072 -0.520121 0.79582 0.620368
16 0.325633 -0.728341 -0.602895 -0.378196
16 0.893207 0.446087 -0.0564696 0.516399
16 0 0 0 1
16 0.0461775 -0.818828 0.572178 0.514885
16 0.132232 -0.562738 -0.81599 -0.530698
16 0.990143 0.113341 0.0822896 0.563435
16 0 0 0 1
16 -0.298705 -0.91242 0.279758 0.369151
16 0.123668 -0.327676 -0.936661 -0.647433
16 0.946299 -0.245188 0.210716 0.610115
16 0 0 0 1
16 -0.244016 -0.914198 0.32357 0.283637
16 -0.146169 -0.295172 -0.944197 -0.682985
16 0.958692 -0.277695 -0.0616006 0.515213
16 0 0 0 1
16 -0.198357 -0.855319 0.478628 0.328726
16 -0.569001 -0.297126 -0.766782 -0.649626
16 0.798055 -0.424436 -0.42774 0.388932
16 0 0 0 1
16 0.0578294 -0.955315 0.289878 0.339651
16 -0.861996 -0.194255 -0.468217 -0.563296
16 0.503605 -0.222797 -0.834712 0.263058
16 0 0 0 1
16 0 -1 9.37637e-16 0.3
16 -1 -5.55112e-17 -1.10405e-15 -0.5
16 1.09815e-15 -9.56047e-16 -1 0.128
16 0 0 0 1
17 1.66533e-16 -1 -5.32293e-16 -1.73472e-17
17 -1 -1.11022e-16 2.04359e-15 0.45
17 -2.01102e-15 5.09072e-16 -1 0.128
17 0 0 0 1
17 -0.524 -0.851628 0.0123771 0.109993
17 -0.850587 0.523998 0.0439149 0.452284
17 -0.0438847 0.0124836 -0.998959 0.132018
17 0 0 0 1
17 -0.89149 -0.450947 0.0434916 0.221249
17 -0.44681 0.891036 0.0801056 0.429226
17 -0.074876 0.0519809 -0.995837 0.13647
17 0 0 0 1
17 -0.923441 -0.266449 0.276155 0.241815
17 -0.110968 0.87431 0.472512 0.482948
17 -0.367346 0.405692 -0.836941 0.242402
17 0 0 0 1
17 -0.945977 -0.0324588 0.322605 0.298254
17 0.118602 0.891381 0.437463 0.45713
17 -0.301764 0.452092 -0.839376 0.240357
17 0 0 0 1
17 -0.793585 0.451005 0.408433 0.411219
17 0.591841 0.727973 0.346093 0.37979
17 -0.141239 0.516381 -0.844631 0.235667
17 0 0 0 1
17 -0.411343 0.781092 0.469779 0.504617
17 0.911024 0.336004 0.239034 0.276613
17 0.0288594 0.526305 -0.849806 0.230671
17 0 0 0 1
17 0.0858925 0.859361 0.504104 0.572498
17 0.977853 -0.169642 0.12258 0.152572
17 0.190858 0.482411 -0.854899 0.225374
17 0 0 0 1
17 0.548224 0.662501 0.510435 0.610184
17 0.769155 -0.639053 0.00333793 0.0140176
17 0.328406 0.390774 -0.85991 0.219781
17 0 0 0 1
17 0.835545 0.249774 0.489364 0.614591
17 0.344334 -0.932124 -0.112157 -0.13165
17 0.428134 0.262217 -0.864837 0.213897
17 0 0 0 1
17 0.859712 -0.254312 0.442968 0.584459
17 -0.171972 -0.960724 -0.217798 -0.276382
17 0.480958 0.111065 -0.86968 0.207728
17 0 0 0 1
17 0.611345 -0.697069 0.374635 0.520489
17 -0.626942 -0.715498 -0.308231 -0.411935
17 0.482909 -0.0464392 -0.874438 0.201281
17 0 0 0 1
17 0.163103 -0.943383 0.288837 0.425365
17 -0.885337 -0.269146 -0.379129 -0.530353
17 0.435403 -0.193881 -0.87911 0.194561
17 0 0 0 1
17 0 -1 9.37637e-16 0.3
17 -1 -5.55112e-17 -1.10405e-15 -0.5
17 1.09815e-15 -9.56047e-16 -1 0.128
17 0 0 0 1
18 1.66533e-16 -1 -5.32293e-16 -1.73472e-17
18 -1 -1.11022e-16 2.04359e-15 0.45
18 -2.01102e-15 5.09072e-16 -1 0.128
18 0 0 0 1
18 0.0767089 -0.979464 -0.186454 -0.0247583
18 -0.803509 -0.171449 0.570069 0.494468
18 -0.590329 0.106088 -0.80016 0.307258
18 0 0 0 1
18 0.0662541 -0.996691 0.0470911 -0.0145769
18 -0.546356 0.00325345 0.837547 0.54208
18 -0.834928 -0.0812194 -0.544333 0.405798
18 0 0 0 1
18 -0.0597065 -0.996164 0.0639792 -0.038722
18 -0.0591147 0.0675097 0.995966 0.582635
18 -0.996464 0.0556835 -0.0629187 0.537913
18 0 0 0 1
18 -0.204981 -0.966353 0.155385 0.0219063
18 -0.137594 0.18563 0.972939 0.594083
18 -0.969046 0.178054 -0.171015 0.492042
18 0 0 0 1
18 -0.505227 -0.80205 0.31853 0.143154
18 -0.177009 0.457565 0.87138 0.588549
18 -0.844638 0.383862 -0.373144 0.405455
18 0 0 0 1
18 -0.760114 -0.478272 0.439867 0.261116
18 -0.0416078 0.711373 0.701582 0.546811
18 -0.648456 0.514981 -0.560624 0.322152
18 0 0 0 1
18 -0.869912 -0.0276099 0.492434 0.364211
18 0.247409 0.839296 0.484119 0.472393
18 -0.426664 0.542974 -0.723283 0.244224
18 0 0 0 1
18 -0.763398 0.453658 0.459802 0.443167
18 0.601462 0.7588 0.249932 0.372433
18 -0.235514 0.467351 -0.852125 0.173416
18 0 0 0 1
18 -0.37603 0.747377 0.547749 0.538645
18 0.925019 0.337378 0.174691 0.271566
18 -0.0542389 0.572367 -0.818201 0.193571
18 0 0 0 1
18 0.0998759 0.777324 0.621122 0.610139
18 0.980915 -0.181585 0.0695206 0.147672
18 0.166827 0.602324 -0.780624 0.214781
18 0 0 0 1
18 0.507658 0.541362 0.670232 0.65194
18 0.765102 -0.640935 -0.061818 0.00681447
18 0.396109 0.544178 -0.739573 0.236978
18 0 0 0 1
18 0.716787 0.121505 0.686624 0.659952
18 0.357762 -0.909297 -0.212569 -0.143511
18 0.598516 0.398015 -0.695242 0.260087
18 0 0 0 1
18 0.663412 -0.345012 0.663966 0.632059
18 -0.105562 -0.921634 -0.373427 -0.294818
18 0.740771 0.177646 -0.647843 0.284033
18 0 0 0 1
18 0.36801 -0.71136 0.598778 0.568353
18 -0.479536 -0.696925 -0.533236 -0.438172
18 0.796626 -0.0909 -0.597598 0.308733
18 0 0 0 1
18 -0.0747634 -0.867988 0.490925 0.471224
18 -0.655851 -0.328046 -0.679886 -0.564782
18 0.751179 -0.372804 -0.544745 0.334104
18 0 0 0 1
18 0.195662 -0.924742 0.326447 0.415993
18 -0.906168 -0.297755 -0.300335 -0.529874
18 0.374933 -0.237052 -0.896232 0.155921
18 0 0 0 1
18 0 -1 9.37637e-16 0.3
18 -1 -5.55112e-17 -1.10405e-15 -0.5
18 1.09815e-15 -9.56047e-16 -1 0.128
18 0 0 0 1
19 1.66533e-16 -1 -5.32293e-16 -1.73472e-17
19 -1 -1.11022e-16 2.04359e-15 0.45
19 -2.01102e-15 5.09072e-16 -1 0.128
19 0 0 0 1
19 -0.529122 -0.84852 -0.00660487 0.115397
19 -0.848294 0.528759 0.0284835 0.44677
19 -0.0206764 0.0206741 -0.999572 0.132087
19 0 0 0 1
19 -0.897795 -0.440412 0.000682727 0.229717
19 -0.439624 0.896278 0.058448 0.415876
19 -0.0263531 0.0521742 -0.99829 0.13638
19 0 0 0 1
19 -0.942404 -0.316581 0.107944 0.299724
19 -0.205026 0.801743 0.561402 0.455439
19 -0.264272 0.506936 -0.820473 0.225539
19 0 0 0 1
19 -0.799347 -0.276252 0.533601 0.376815
19 0.192515 0.723488 0.66295 0.437747
19 -0.569195 0.632653 -0.525135 0.385689
19 0 0 0 1
19 -0.878836 -0.012585 0.476958 0.421702
19 0.301244 0.760573 0.575136 0.397875
19 -0.369999 0.649131 -0.664627 0.319252
19 0 0 0 1
19 -0.833749 0.445787 0.325786 0.472092
19 0.551309 0.704562 0.446823 0.315761
19 -0.0303483 0.552147 -0.833195 0.223491
19 0 0 0 1
19 -0.446152 0.784486 0.430732 0.552617
19 0.887142 0.324201 0.328439 0.191702
19 0.118012 0.528654 -0.840594 0.222
19 0 0 0 1
19 0.0638248 0.865352 0.497084 0.600903
19 0.965919 -0.178772 0.187195 0.0496535
19 0.250854 0.468195 -0.84727 0.220393
19 0 0 0 1
19 0.539224 0.66213 0.520405 0.613021
19 0.76133 -0.647426 0.0348823 -0.10197
19 0.360021 0.377391 -0.853207 0.218675
19 0 0 0 1
