0 1.66533e-16 -1 -5.32293e-16 -1.73472e-17
0 -1 -1.11022e-16 2.04359e-15 0.45
0 -2.01102e-15 5.09072e-16 -1 0.128
0 0 0 0 1
0 -0.000119197 -0.995766 0.0919266 0.0428629
0 -0.838249 0.0502259 0.542969 0.509356
0 -0.545287 -0.0769927 -0.834706 0.245765
0 0 0 0 1
0 -0.475829 -0.849658 0.227306 0.15729
0 -0.648099 0.513425 0.562461 0.50664
0 -0.594604 0.120318 -0.794965 0.255371
0 0 0 0 1
0 -0.789476 -0.488061 0.372189 0.272361
0 -0.240178 0.803684 0.544433 0.479077
0 -0.564838 0.340425 -0.75171 0.265709
0 0 0 0 1
0 -0.855932 -0.0349818 0.515903 0.382483
0 0.258995 0.834535 0.486285 0.426359
0 -0.44755 0.549843 -0.705245 0.276744
0 0 0 0 1
0 -0.67116 0.361432 0.647234 0.481981
0 0.698346 0.601185 0.388445 0.349481
0 -0.248711 0.712702 -0.655896 0.288438
0 0 0 0 1
0 -0.604664 0.426297 0.672795 0.501461
0 0.771728 0.522525 0.362496 0.329986
0 -0.197021 0.738403 -0.644937 0.291036
0 0 0 0 1
0 -0.623411 0.714883 0.316704 0.473295
0 0.776961 0.611814 0.148374 0.236984
0 -0.0876935 0.338564 -0.936848 0.197573
0 0 0 0 1
0 -0.149162 0.944005 0.294288 0.521466
0 0.988556 0.135591 0.0661154 0.128208
0 0.0225106 0.300782 -0.953427 0.187155
0 0 0 0 1
0 0.376477 0.891307 0.252661 0.5452
0 0.921103 -0.389318 0.00090206 0.0115704
0 0.0991693 0.232387 -0.967555 0.176892
0 0 0 0 1
0 0.797839 0.569305 0.198354 0.543373
0 0.587389 -0.808154 -0.0431363 -0.107461
0 0.135743 0.150927 -0.979181 0.166788
0 0 0 0 1
0 0.987763 0.0713045 0.138706 0.51608
0 0.0807865 -0.994676 -0.0639704 -0.223312
0 0.133406 0.0743932 -0.988265 0.156845
0 0 0 0 1
0 0.886661 -0.455228 0.0812337 0.464623
0 -0.451378 -0.89019 -0.0618039 -0.330571
0 0.100448 0.0181321 -0.994777 0.147066
0 0 0 0 1
0 0.521746 -0.852462 0.0329978 0.391444
0 -0.851604 -0.522731 -0.039028 -0.424245
0 0.0505189 -0.00773836 -0.998693 0.137451
0 0 0 0 1
0 0 -1 9.37637e-16 0.3
0 -1 -5.55112e-17 -1.10405e-15 -0.5
0 1.09815e-15 -9.56047e-16 -1 0.128
0 0 0 0 1
1 1.66533e-16 -1 -5.32293e-16 -1.73472e-17
1 -1 -1.11022e-16 2.04359e-15 0.45
1 -2.01102e-15 5.09072e-16 -1 0.128
1 0 0 0 1
1 -0.531105 -0.847189 -0.0140563 0.116661
1 -0.847306 0.531017 0.00969098 0.440455
1 -0.000745977 0.0170569 -0.999854 0.128908
1 0 0 0 1
1 -0.899851 -0.435614 -0.0225742 0.229278
1 -0.436102 0.899533 0.0256119 0.40312
1 0.00914935 0.0328916 -0.999417 0.129848
1 0 0 0 1
1 -0.939211 -0.339022 0.0542926 0.18927
1 -0.288301 0.864599 0.411522 0.516976
1 -0.186456 0.370853 -0.909781 0.235441
1 0 0 0 1
1 -0.87558 -0.146191 0.460421 0.328099
1 0.132675 0.843682 0.52019 0.4886
1 -0.464496 0.516555 -0.719315 0.291487
1 0 0 0 1
1 -0.896958 -0.0121008 0.44195 0.354023
1 0.223232 0.850448 0.476346 0.465691
1 -0.381619 0.52592 -0.760115 0.278163
1 0 0 0 1
1 -0.828115 0.44252 0.344095 0.425716
1 0.550162 0.759287 0.34757 0.380264
1 -0.107461 0.477136 -0.872235 0.238433
1 0 0 0 1
1 -0.532415 0.822695 0.199266 0.475717
1 0.837689 0.478232 0.263764 0.284482
1 0.121702 0.307354 -0.943781 0.205702
1 0 0 0 1
1 -0.0075566 0.975287 0.220813 0.539961
1 0.979343 -0.0374031 0.198717 0.145744
1 0.202065 0.217753 -0.954858 0.193903
1 0 0 0 1
1 0.518783 0.824863 0.224644 0.565349
1 0.820254 -0.554318 0.14112 -0.00396388
1 0.240929 0.111055 -0.964168 0.182393
1 0 0 0 1
1 0.883293 0.41595 0.216285 0.550652
1 0.404961 -0.90938 0.0950496 -0.153982
1 0.236221 0.00363025 -0.971693 0.171177
1 0 0 0 1
1 0.971362 -0.125156 0.201968 0.497509
1 -0.140247 -0.988163 0.0621688 -0.293791
1 0.191797 -0.0887139 -0.977417 0.16026
1 0 0 0 1
1 0.754199 -0.629234 0.187746 0.410259
1 -0.646168 -0.762055 0.0416986 -0.413762
1 0.116834 -0.152764 -0.981332 0.149645
1 0 0 0 1
1 0.299117 -0.937344 0.178649 0.295584
1 -0.9539 -0.298551 0.0306894 -0.50584
1 0.0245694 -0.179593 -0.983434 0.139334
1 0 0 0 1
1 0 -1 9.37637e-16 0.3
1 -1 -5.55112e-17 -1.10405e-15 -0.5
1 1.09815e-15 -9.56047e-16 -1 0.128
1 0 0 0 1
2 1.66533e-16 -1 -5.32293e-16 -1.73472e-17
2 -1 -1.11022e-16 2.04359e-15 0.45
2 -2.01102e-15 5.09072e-16 -1 0.128
2 0 0 0 1
2 -0.524956 -0.851097 -0.00742933 0.107007
2 -0.850256 0.524001 0.0498735 0.449647
2 -0.0385542 0.0324982 -0.998728 0.137644
2 0 0 0 1
2 -0.893081 -0.449833 0.00750239 0.214236
2 -0.446898 0.888929 0.100436 0.425266
2 -0.0518486 0.0863449 -0.994915 0.147934
2 0 0 0 1
2 -0.955875 -0.271633 0.111889 0.261134
2 -0.168979 0.819933 0.546951 0.460588
2 -0.240312 0.503909 -0.829654 0.217721
2 0 0 0 1
2 -0.980298 -0.0483193 0.191525 0.323132
2 0.0637917 0.840217 0.538485 0.428136
2 -0.186942 0.540093 -0.82058 0.226274
2 0 0 0 1
2 -0.829934 0.421649 0.365268 0.446085
2 0.555863 0.680404 0.477562 0.327393
2 -0.0471663 0.599384 -0.799071 0.245854
2 0 0 0 1
2 -0.44951 0.728588 0.516818 0.537751
2 0.886054 0.290255 0.36147 0.19406
2 0.113353 0.620413 -0.776041 0.265905
2 0 0 0 1
2 0.035814 0.776547 0.629041 0.589493
2 0.958352 -0.205146 0.198688 0.0380194
2 0.283335 0.595727 -0.751552 0.286374
2 0 0 0 1
2 0.470225 0.552715 0.688037 0.595833
2 0.759878 -0.65006 0.00288356 -0.128586
2 0.448859 0.521468 -0.72567 0.307209
2 0 0 0 1
2 0.717162 0.130064 0.684662 0.555024
2 0.363527 -0.907999 -0.208293 -0.292368
2 0.594581 0.398273 -0.698464 0.328356
2 0 0 0 1
2 0.702316 -0.35744 0.61562 0.469297
2 -0.0968163 -0.904725 -0.414849 -0.439846
2 0.705251 0.231753 -0.670009 0.349759
2 0 0 0 1
2 0.435987 -0.758724 0.483997 0.344758
2 -0.470168 -0.650603 -0.59637 -0.558634
2 0.767371 0.0324497 -0.640382 0.371363
2 0 0 0 1
2 0.289305 -0.781824 0.552316 0.464655
2 -0.630738 -0.589717 -0.504383 -0.525744
2 0.72005 -0.202446 -0.663735 0.311806
2 0 0 0 1
2 0.251468 -0.848691 0.465283 0.426571
2 -0.89392 -0.38795 -0.224504 -0.468434
2 0.371041 -0.35947 -0.856218 0.263855
2 0 0 0 1
2 0 -1 9.37637e-16 0.3
2 -1 -5.55112e-17 -1.10405e-15 -0.5
2 1.09815e-15 -9.56047e-16 -1 0.128
2 0 0 0 1
3 1.66533e-16 -1 -5.32293e-16 -1.73472e-17
3 -1 -1.11022e-16 2.04359e-15 0.45
3 -2.01102e-15 5.09072e-16 -1 0.128
3 0 0 0 1
3 -0.526422 -0.849807 0.0265855 0.115784
3 -0.849193 0.527066 0.03274 0.446896
3 -0.041835 -0.00534111 -0.99911 0.130778
3 0 0 0 1
3 -0.893361 -0.444368 0.0666538 0.230333
3 -0.441681 0.89569 0.0515408 0.416125
3 -0.0826042 0.0166048 -0.996444 0.133889
3 0 0 0 1
3 -0.944628 -0.308826 0.11092 0.18054
3 -0.251395 0.898346 0.360243 0.499785
3 -0.210897 0.312411 -0.926241 0.142273
3 0 0 0 1
3 -0.987259 -0.0549627 0.14933 0.149535
3 0.0242765 0.875441 0.482716 0.483779
3 -0.157261 0.48019 -0.862952 0.184741
3 0 0 0 1
3 -0.968004 -0.113357 0.223872 0.0716422
3 0.0807042 0.704114 0.705486 0.496185
3 -0.237603 0.70098 -0.672437 0.348351
3 0 0 0 1
3 -0.958837 -0.065772 0.276233 0.127746
3 0.13963 0.737855 0.660359 0.492026
3 -0.247253 0.671747 -0.698299 0.332995
3 0 0 0 1
3 -0.912125 0.119728 0.392038 0.301995
3 0.319432 0.806971 0.49675 0.436241
3 -0.256888 0.578327 -0.774304 0.283158
3 0 0 0 1
3 -0.837612 0.335335 0.431227 0.451369
3 0.492539 0.805009 0.330704 0.318534
3 -0.236245 0.489398 -0.839451 0.231994
3 0 0 0 1
3 -0.511936 0.632853 0.580877 0.527803
3 0.855765 0.434558 0.280757 0.253394
3 -0.0747467 0.640824 -0.76404 0.255654
3 0 0 0 1
3 -0.0932801 0.695577 0.71237 0.592687
3 0.98102 -0.0579535 0.185045 0.171706
3 0.169998 0.71611 -0.676969 0.282102
3 0 0 0 1
3 0.273382 0.514376 0.812822 0.642221
3 0.847133 -0.529036 0.0498661 0.0757995
3 0.455662 0.674936 -0.580374 0.311052
3 0 0 0 1
3 0.462771 0.161929 0.871563 0.673157
3 0.513912 -0.850109 -0.114927 -0.0310728
3 0.722314 0.501092 -0.476623 0.342167
3 0 0 0 1
3 0.411894 -0.232356 0.88111 0.683024
3 0.0988943 -0.949833 -0.296709 -0.144888
3 0.905849 0.209349 -0.368252 0.375069
3 0 0 0 1
3 0.140897 -0.52739 0.837859 0.670321
3 -0.26581 -0.83538 -0.48113 -0.261058
3 0.953673 -0.154922 -0.257888 0.409351
3 0 0 0 1
3 -0.255564 -0.619251 0.742439 0.634638
3 -0.480675 -0.584912 -0.653321 -0.37469
3 0.838832 -0.523837 -0.148176 0.444584
3 0 0 0 1
3 -0.0203604 -0.951342 0.307464 0.495316
3 -0.466189 -0.263016 -0.844684 -0.530935
3 0.884451 -0.160534 -0.43815 0.289836
3 0 0 0 1
3 -0.201098 -0.958567 0.201763 0.373429
3 -0.655761 -0.0212731 -0.754668 -0.577735
3 0.727693 -0.284071 -0.624314 0.263527
3 0 0 0 1
3 -0.129309 -0.991511 0.0136444 0.272021
3 -0.881035 0.108565 -0.460424 -0.597184
3 0.455034 -0.071558 -0.887594 0.179141
3 0 0 0 1
3 0 -1 9.37637e-16 0.3
3 -1 -5.55112e-17 -1.10405e-15 -0.5
3 1.09815e-15 -9.56047e-16 -1 0.128
3 0 0 0 1
4 1.66533e-16 -1 -5.32293e-16 -1.73472e-17
4 -1 -1.11022e-16 2.04359e-15 0.45
4 -2.01102e-15 5.09072e-16 -1 0.128
4 0 0 0 1
4 -0.528576 -0.848825 0.0101609 0.114621
4 -0.848523 0.528662 0.0229056 0.443871
4 -0.0248145 0.00348554 -0.999686 0.130178
4 0 0 0 1
4 -0.89695 -0.44109 0.0303388 0.226742
4 -0.439856 0.897183 0.0398676 0.410765
4 -0.0448046 0.0224146 -0.998744 0.132484
4 0 0 0 1
4 -0.8251 -0.428502 0.368233 0.276528
4 -0.265883 0.869566 0.416125 0.500642
4 -0.498514 0.245438 -0.831411 0.223883
4 0 0 0 1
4 -0.875801 0.0181909 0.48233 0.428766
4 0.247524 0.874813 0.416454 0.418745
4 -0.414373 0.484119 -0.770664 0.258407
4 0 0 0 1
4 -0.68483 0.381655 0.620764 0.555132
4 0.684682 0.628608 0.368868 0.290801
4 -0.249437 0.677637 -0.691801 0.296941
4 0 0 0 1
4 -0.466345 0.521167 0.714778 0.6176
4 0.878283 0.369199 0.303827 0.18369
4 -0.105551 0.769466 -0.629906 0.324766
4 0 0 0 1
4 -0.52319 0.720072 0.455816 0.519155
4 0.839589 0.527246 0.130775 0.253977
4 -0.14616 0.451118 -0.880415 0.202745
4 0 0 0 1
4 -0.044254 0.897165 0.439473 0.56949
4 0.999012 0.0379179 0.0231907 0.124253
4 0.00414203 0.440065 -0.897956 0.194615
4 0 0 0 1
4 0.45774 0.794453 0.399147 0.58846
4 0.879132 -0.471429 -0.0698625 -0.0128251
4 0.132667 0.382882 -0.914221 0.186692
4 0 0 0 1
4 0.831214 0.439306 0.340724 0.575404
4 0.507737 -0.8495 -0.143365 -0.149793
4 0.226464 0.292166 -0.929168 0.178981
4 0 0 0 1
4 0.960432 -0.0640313 0.271053 0.531408
4 -0.0105701 -0.980892 -0.194264 -0.279285
4 0.278313 0.183713 -0.942757 0.171484
4 0 0 0 1
4 0.801581 -0.56438 0.197338 0.459224
4 -0.524318 -0.822175 -0.221629 -0.394439
4 0.28733 0.0741852 -0.954955 0.164207
4 0 0 0 1
4 0.397716 -0.908743 0.126527 0.363094
4 -0.880287 -0.416816 -0.226628 -0.489263
4 0.258685 -0.0212471 -0.965728 0.157151
4 0 0 0 1
4 0 -1 9.37637e-16 0.3
4 -1 -5.55112e-17 -1.10405e-15 -0.5
4 1.09815e-15 -9.56047e-16 -1 0.128
4 0 0 0 1
5 1.66533e-16 -1 -5.32293e-16 -1.73472e-17
5 -1 -1.11022e-16 2.04359e-15 0.45
5 -2.01102e-15 5.09072e-16 -1 0.128
5 0 0 0 1
5 -0.527018 -0.849773 0.0117897 0.11199
5 -0.849145 0.527094 0.0335402 0.443452
5 -0.0347158 0.00766511 -0.999368 0.128708
5 0 0 0 1
5 -0.895 -0.444439 0.0380556 0.221364
5 -0.441912 0.895049 0.0600048 0.411298
5 -0.0607301 0.0368871 -0.997472 0.129637
5 0 0 0 1
5 -0.845433 -0.430084 0.316657 0.273207
5 -0.228916 0.827481 0.512711 0.501168
5 -0.482536 0.360975 -0.798032 0.215247
5 0 0 0 1
5 -0.913543 -0.167228 0.370775 0.375621
5 0.142376 0.722428 0.676629 0.533938
5 -0.381009 0.67092 -0.636159 0.229198
5 0 0 0 1
5 -0.831442 0.195752 0.519986 0.440145
5 0.456384 0.774387 0.438222 0.393584
5 -0.316887 0.60167 -0.733196 0.238488
5 0 0 0 1
5 -0.532107 0.534075 0.656982 0.5391
5 0.839223 0.435427 0.325741 0.278465
5 -0.112098 0.724684 -0.679902 0.257013
5 0 0 0 1
5 -0.105904 0.636849 0.76368 0.607853
5 0.984719 -0.0396114 0.169589 0.140553
5 0.138253 0.76997 -0.622922 0.276462
5 0 0 0 1
5 0.295747 0.479082 0.826447 0.641093
5 0.866176 -0.499317 -0.0205151 -0.0120904
5 0.402831 0.721916 -0.562641 0.29679
5 0 0 0 1
5 0.536347 0.122629 0.835042 0.6357
5 0.543729 -0.806919 -0.230738 -0.170149
5 0.645516 0.577792 -0.499465 0.317944
5 0 0 0 1
5 0.538943 -0.308513 0.783811 0.591038
5 0.13968 -0.8849 -0.444345 -0.32366
5 0.83068 0.348959 -0.433818 0.339866
5 0 0 0 1
5 0.308559 -0.672756 0.672451 0.509092
5 -0.20601 -0.737432 -0.643237 -0.462688
5 0.928629 0.0599453 -0.366135 0.362495
5 0 0 0 1
5 -0.0743144 -0.859176 0.506254 0.3944
5 -0.383919 -0.443881 -0.809677 -0.578028
5 0.920371 -0.254531 -0.296867 0.385763
5 0 0 0 1
5 -0.143355 -0.925145 0.351506 0.357981
5 -0.680195 -0.165889 -0.714014 -0.564706
5 0.718877 -0.34145 -0.605498 0.266161
5 0 0 0 1
5 -0.0659738 -0.983292 0.169659 0.298656
5 -0.935712 0.00191579 -0.352759 -0.536266
5 0.34654 -0.182025 -0.920205 0.149321
5 0 0 0 1
5 0 -1 9.37637e-16 0.3
5 -1 -5.55112e-17 -1.10405e-15 -0.5
5 1.09815e-15 -9.56047e-16 -1 0.128
5 0 0 0 1
6 1.66533e-16 -1 -5.32293e-16 -1.73472e-17
6 -1 -1.11022e-16 2.04359e-15 0.45
6 -2.01102e-15 5.09072e-16 -1 0.128
6 0 0 0 1
6 -0.531614 -0.846983 -0.00265149 0.11894
6 -0.8467 0.53135 0.027681 0.44098
6 -0.0220365 0.0169606 -0.999613 0.135768
6 0 0 0 1
6 -0.900334 -0.435119 0.00833937 0.233935
6 -0.434063 0.899204 0.0549646 0.402901
6 -0.0314149 0.0458667 -0.998453 0.143776
6 0 0 0 1
6 -0.903998 -0.285121 0.318581 0.306866
6 -0.132338 0.895167 0.425632 0.481201
6 -0.40654 0.34261 -0.846961 0.212543
6 0 0 0 1
6 -0.724388 -0.259176 0.638819 0.413678
6 0.131123 0.857927 0.496758 0.370969
6 -0.676807 0.44361 -0.587488 0.405151
6 0 0 0 1
6 -0.832656 0.0500946 0.551521 0.443155
6 0.317656 0.85898 0.401558 0.358834
6 -0.453629 0.509553 -0.731147 0.317792
6 0 0 0 1
6 -0.78691 0.467071 0.403258 0.467582
6 0.591271 0.757708 0.276184 0.326455
6 -0.176554 0.455767 -0.872413 0.213401
6 0 0 0 1
6 -0.402698 0.810204 0.425915 0.537382
6 0.915224 0.363588 0.173694 0.197032
6 -0.0141303 0.459754 -0.887934 0.214232
6 0 0 0 1
6 0.104864 0.899436 0.424285 0.573049
6 0.985551 -0.151054 0.0766321 0.0558946
6 0.133015 0.410118 -0.90228 0.215276
6 0 0 0 1
6 0.583287 0.705589 0.402395 0.573137
6 0.773407 -0.633836 -0.00966842 -0.0881981
6 0.24823 0.316854 -0.915415 0.216539
6 0 0 0 1
6 0.886151 0.285089 0.365324 0.538387
6 0.33554 -0.938491 -0.0815324 -0.226503
6 0.319609 0.194831 -0.927303 0.218022
6 0 0 0 1
6 0.918177 -0.235436 0.318624 0.471632
6 -0.201126 -0.969923 -0.137107 -0.350825
6 0.341321 0.0618044 -0.937913 0.219729
6 0 0 0 1
6 0.665584 -0.696644 0.26774 0.377572
6 -0.676977 -0.714567 -0.176342 -0.454
6 0.314166 -0.0638836 -0.947216 0.221663
6 0 0 0 1
6 0.201918 -0.954954 0.217468 0.262442
6 -0.948187 -0.246214 -0.2008 -0.530307
6 0.245299 -0.165655 -0.955189 0.223825
6 0 0 0 1
6 0 -1 9.37637e-16 0.3
6 -1 -5.55112e-17 -1.10405e-15 -0.5
6 1.09815e-15 -9.56047e-16 -1 0.128
6 0 0 0 1
7 1.66533e-16 -1 -5.32293e-16 -1.73472e-17
7 -1 -1.11022e-16 2.04359e-15 0.45
7 -2.01102e-15 5.09072e-16 -1 0.128
7 0 0 0 1
7 -0.532419 -0.846474 0.00347986 0.121517
7 -0.846341 0.532401 0.0160232 0.439629
7 -0.0154159 0.00558592 -0.999866 0.130995
7 0 0 0 1
7 -0.901222 -0.43311 0.0146549 0.238351
7 -0.432583 0.901117 0.0293317 0.399126
7 -0.0259096 0.0200949 -0.999462 0.134067
7 0 0 0 1
7 -0.920578 -0.322119 0.220853 0.249584
7 -0.163601 0.831522 0.530854 0.417083
7 -0.354642 0.452561 -0.818179 0.326667
7 0 0 0 1
7 -0.928221 -0.156732 0.337404 0.311486
7 0.0628176 0.827876 0.557382 0.395777
7 -0.366689 0.538569 -0.758606 0.35199
7 0 0 0 1
7 -0.752843 0.176202 0.634177 0.449969
7 0.577437 0.63924 0.507877 0.30187
7 -0.315902 0.748549 -0.582993 0.420823
7 0 0 0 1
7 -0.381189 0.29687 0.875536 0.548521
7 0.911406 0.279483 0.302041 0.156948
7 -0.15503 0.913103 -0.377105 0.496862
7 0 0 0 1
7 0.0286687 0.154077 0.987643 0.587046
7 0.995628 -0.092277 -0.0145049 -0.0198188
7 0.0889018 0.98374 -0.156049 0.577251
7 0 0 0 1
7 0.31752 -0.189941 0.929033 0.555325
7 0.874225 -0.320862 -0.364388 -0.201264
7 0.367304 0.927885 0.0641712 0.658795
7 0 0 0 1
7 0.39883 -0.5896 0.702358 0.456026
7 0.676448 -0.32797 -0.659434 -0.357498
7 0.619155 0.738111 0.26803 0.738178
7 0 0 0 1
7 0.413456 -0.636017 0.651565 0.434494
7 0.431825 -0.493028 -0.755281 -0.375794
7 0.801612 0.593638 0.0708028 0.671524
7 0 0 0 1
7 0.430383 -0.701608 0.567906 0.475584
7 0.124738 -0.576891 -0.80724 -0.429625
7 0.893986 0.418262 -0.160767 0.54387
7 0 0 0 1
7 0.375128 -0.878881 0.294698 0.352937
7 -0.182405 -0.381685 -0.906115 -0.537733
7 0.90885 0.286154 -0.303493 0.464182
7 0 0 0 1
7 0.355299 -0.902926 0.241843 0.248069
7 -0.363323 -0.371778 -0.85427 -0.625877
7 0.861254 0.215654 -0.460146 0.379476
7 0 0 0 1
7 0.266719 -0.962555 0.0484637 0.228763
7 -0.668341 -0.220956 -0.71028 -0.649727
7 0.694392 0.157055 -0.702248 0.283058
7 0 0 0 1
7 0.166311 -0.978735 -0.120079 0.128146
7 -0.881424 -0.0929608 -0.463087 -0.569215
7 0.442076 0.182857 -0.878141 0.253803
7 0 0 0 1
7 0.195016 -0.977458 0.0809035 0.232743
7 -0.965955 -0.205707 -0.156896 -0.545842
7 0.170002 -0.0475519 -0.984296 0.164359
7 0 0 0 1
7 0 -1 9.37637e-16 0.3
7 -1 -5.55112e-17 -1.10405e-15 -0.5
7 1.09815e-15 -9.56047e-16 -1 0.128
7 0 0 0 1
8 1.66533e-16 -1 -5.32293e-16 -1.73472e-17
8 -1 -1.11022e-16 2.04359e-15 0.45
8 -2.01102e-15 5.09072e-16 -1 0.128
8 0 0 0 1
8 -0.527363 -0.849116 0.0298386 0.117192
8 -0.848966 0.528018 0.0213055 0.441566
8 -0.0338462 -0.0140962 -0.999328 0.135441
8 0 0 0 1
8 -0.894468 -0.441956 0.0678343 0.230639
8 -0.441118 0.897022 0.027689 0.404983
8 -0.0730862 -0.00515602 -0.997312 0.143191
8 0 0 0 1
8 -0.95575 -0.177599 0.23452 0.28224
8 -0.0793194 0.923253 0.375914 0.479287
8 -0.283284 0.340678 -0.896487 0.175119
8 0 0 0 1
8 -0.863123 -0.229594 0.449784 0.23714
8 0.119993 0.771919 0.624293 0.535448
8 -0.490531 0.592813 -0.638711 0.275144
8 0 0 0 1
8 -0.664265 -0.151901 0.7319 0.31914
8 0.501389 0.635658 0.586982 0.564132
8 -0.554401 0.756878 -0.346085 0.314549
8 0 0 0 1
8 -0.675887 -0.121932 0.726849 0.347225
8 0.523443 0.61485 0.589886 0.553033
8 -0.518829 0.779161 -0.351745 0.3134
8 0 0 0 1
8 -0.706411 0.00818094 0.707755 0.473342
8 0.618613 0.493044 0.61174 0.478512
8 -0.343949 0.869966 -0.353352 0.311973
8 0 0 0 1
8 -0.706247 0.105345 0.700084 0.577107
8 0.685687 0.347901 0.639373 0.37212
8 -0.176206 0.931594 -0.317938 0.316514
8 0 0 0 1
8 -0.754686 0.501853 0.422602 0.528623
8 0.655953 0.564171 0.501435 0.347817
8 0.0132267 0.655634 -0.754963 0.172961
8 0 0 0 1
8 -0.659697 0.690917 0.295692 0.459753
8 0.750097 0.629626 0.202299 0.31381
8 -0.0464035 0.355254 -0.933617 0.163158
8 0 0 0 1
8 -0.186483 0.93916 0.288449 0.524391
8 0.980755 0.160676 0.110917 0.194415
8 0.0578218 0.303582 -0.951049 0.156972
8 0 0 0 1
8 0.347845 0.901755 0.256595 0.559398
8 0.929093 -0.368228 0.0345734 0.0644135
8 0.125662 0.226375 -0.9659 0.15118
8 0 0 0 1
8 0.782753 0.586894 0.20701 0.563414
8 0.603252 -0.797283 -0.0206617 -0.0690143
8 0.15292 0.141052 -0.978121 0.14578
8 0 0 0 1
8 0.985112 0.0875449 0.147953 0.536779
8 0.0960293 -0.994061 -0.0511965 -0.198649
8 0.142592 0.0646421 -0.987668 0.140768
8 0 0 0 1
8 0.890884 -0.445574 0.0882528 0.481472
8 -0.442154 -0.895177 -0.0561984 -0.317622
8 0.104042 0.0110449 -0.994512 0.136139
8 0 0 0 1
8 0.526092 -0.849646 0.0364564 0.400965
8 -0.848886 -0.527236 -0.0376246 -0.419782
8 0.0511887 -0.0111533 -0.998627 0.131886
8 0 0 0 1
8 0 -1 9.37637e-16 0.3
8 -1 -5.55112e-17 -1.10405e-15 -0.5
8 1.09815e-15 -9.56047e-16 -1 0.128
8 0 0 0 1
9 1.66533e-16 -1 -5.32293e-16 -1.73472e-17
9 -1 -1.11022e-16 2.04359e-15 0.45
9 -2.01102e-15 5.09072e-16 -1 0.128
9 0 0 0 1
9 -0.526456 -0.849995 0.0188037 0.112648
9 -0.849633 0.526784 0.0249517 0.444653
9 -0.0311143 -0.00284026 -0.999512 0.12807
9 0 0 0 1
9 -0.894249 -0.445009 0.0478171 0.223155
9 -0.443436 0.895405 0.0401686 0.413293
9 -0.0606911 0.0147169 -0.998048 0.128293
9 0 0 0 1
9 -0.949759 -0.208023 0.233846 0.24869
9 -0.100316 0.910066 0.402139 0.473418
9 -0.296469 0.358477 -0.885212 0.187913
9 0 0 0 1
9 -0.872639 -0.197985 0.446435 0.291397
9 0.259007 0.587361 0.766761 0.510701
9 -0.414026 0.784735 -0.461274 0.355126
9 0 0 0 1
9 -0.87493 0.0896522 0.475879 0.378286
9 0.426372 0.608512 0.669269 0.470517
9 -0.229576 0.788464 -0.57063 0.296998
9 0 0 0 1
9 -0.725399 0.505671 0.467005 0.485551
9 0.687346 0.495899 0.530697 0.381316
9 0.0367709 0.705961 -0.707296 0.214734
9 0 0 0 1
9 -0.460762 0.807842 0.367545 0.484608
9 0.883186 0.458239 0.0999989 0.219621
9 -0.0876401 0.370687 -0.924614 0.150855
9 0 0 0 1
9 0.0517245 0.927054 0.371343 0.535982
9 0.998344 -0.0573772 0.0041818 0.103128
9 0.0251834 0.370512 -0.928486 0.148766
9 0 0 0 1
9 0.550069 0.757651 0.351268 0.559837
9 0.824982 -0.558322 -0.0876376 -0.0232528
9 0.129722 0.337997 -0.932164 0.146567
9 0 0 0 1
9 0.884138 0.350064 0.309442 0.554346
9 0.413576 -0.894508 -0.169736 -0.153025
9 0.21738 0.278048 -0.935647 0.14426
9 0 0 0 1
9 0.952743 -0.173567 0.24931 0.519216
9 -0.113701 -0.964792 -0.237166 -0.279375
9 0.281696 0.197612 -0.938934 0.141846
9 0 0 0 1
9 0.734189 -0.6559 0.175392 0.455734
9 -0.59948 -0.747527 -0.286055 -0.39554
9 0.318734 0.104874 -0.942024 0.139328
9 0 0 0 1
9 0.293004 -0.95158 0.0929786 0.36673
9 -0.898382 -0.307287 -0.313822 -0.495167
9 0.327198 0.00842089 -0.944918 0.136707
9 0 0 0 1
9 0 -1 9.37637e-16 0.3
9 -1 -5.55112e-17 -1.10405e-15 -0.5
9 1.09815e-15 -9.56047e-16 -1 0.128
9 0 0 0 1
10 1.66533e-16 -1 -5.32293e-16 -1.73472e-17
10 -1 -1.11022e-16 2.04359e-15 0.45
10 -2.01102e-15 5.09072e-16 -1 0.128
10 0 0 0 1
10 -0.236486 -0.970535 0.0462274 -0.0110857
10 -0.910211 0.237933 0.338974 0.463162
10 -0.339985 0.038086 -0.939659 0.203534
10 0 0 0 1
10 -0.698616 -0.708241 0.101635 0.106369
10 -0.6331 0.678075 0.373362 0.468167
10 -0.333347 0.196492 -0.922101 0.225568
10 0 0 0 1
10 -0.951002 -0.253148 0.177513 0.22595
10 -0.166295 0.902812 0.396581 0.443575
10 -0.260655 0.34763 -0.900673 0.248725
10 0 0 0 1
10 -0.928881 0.252961 0.270537 0.339663
10 0.347526 0.847863 0.400443 0.388784
10 -0.128082 0.465982 -0.875475 0.272893
10 0 0 0 1
10 -0.652557 0.658691 0.374561 0.439412
10 0.756156 0.534135 0.378057 0.305466
10 0.0489567 0.52993 -0.846627 0.297957
10 0 0 0 1
10 -0.217624 0.849193 0.481157 0.517667
10 0.944033 0.057939 0.324723 0.197553
10 0.247874 0.524895 -0.814275 0.323796
10 0 0 0 1
10 0.237268 0.77899 0.580413 0.56811
10 0.865077 -0.441264 0.238597 0.071032
10 0.441979 0.44549 -0.778584 0.350286
10 0 0 0 1
10 0.551585 0.515703 0.655595 0.585976
10 0.588086 -0.797822 0.132795 -0.0539112
10 0.591531 0.312299 -0.743344 0.374859
10 0 0 0 1
10 0.788644 0.601928 0.125396 0.52848
10 0.609222 -0.792533 -0.027203 -0.0606767
10 0.0830059 0.0978472 -0.991734 0.157843
10 0 0 0 1
10 0.991631 0.0957395 0.0866082 0.513105
10 0.0996703 -0.994123 -0.0422524 -0.186422
10 0.082054 0.050531 -0.995346 0.15059
10 0 0 0 1
10 0.895464 -0.442383 0.0494198 0.468272
10 -0.440723 -0.8967 -0.0411452 -0.306054
10 0.0625166 0.0150636 -0.99793 0.143195
10 0 0 0 1
10 0.528049 -0.848999 0.0191087 0.396019
10 -0.848608 -0.528389 -0.0258819 -0.412671
10 0.0320705 -0.00254882 -0.999482 0.135663
10 0 0 0 1
10 0 -1 9.37637e-16 0.3
10 -1 -5.55112e-17 -1.10405e-15 -0.5
10 1.09815e-15 -9.56047e-16 -1 0.128
10 0 0 0 1
11 1.66533e-16 -1 -5.32293e-16 -1.73472e-17
11 -1 -1.11022e-16 2.04359e-15 0.45
11 -2.01102e-15 5.09072e-16 -1 0.128
11 0 0 0 1
11 -0.525183 -0.850924 0.0106022 0.11064
11 -0.850476 0.525258 0.0281864 0.449101
11 -0.0295534 0.00578613 -0.999546 0.131767
11 0 0 0 1
11 -0.893277 -0.448279 0.0332042 0.22115
11 -0.446469 0.893389 0.0502134 0.422698
11 -0.0521739 0.0300299 -0.998186 0.135737
11 0 0 0 1
11 -0.942526 -0.11096 0.31517 0.350748
11 -0.0180594 0.958788 0.283547 0.397874
11 -0.333643 0.261559 -0.905687 0.282813
11 0 0 0 1
11 -0.916453 0.183959 0.355349 0.408133
11 0.292439 0.914064 0.28101 0.358248
11 -0.273117 0.36145 -0.891494 0.277963
11 0 0 0 1
11 -0.673387 0.600312 0.431481 0.494441
11 0.730154 0.631511 0.2609 0.274591
11 -0.115864 0.490734 -0.863572 0.270508
11 0 0 0 1
11 -0.260342 0.818178 0.512647 0.563747
11 0.961269 0.169893 0.217022 0.171699
11 0.0904672 0.549291 -0.830719 0.26393
11 0 0 0 1
11 0.191039 0.783693 0.591041 0.611588
11 0.929812 -0.337447 0.146901 0.0530657
11 0.31457 0.521493 -0.793152 0.258223
11 0 0 0 1
11 0.5443 0.520085 0.658216 0.634234
11 0.657277 -0.751947 0.0506224 -0.0767282
11 0.521272 0.405077 -0.751125 0.253371
11 0 0 0 1
11 0.698692 0.116303 0.705906 0.628967
11 0.231322 -0.970422 -0.0690742 -0.212178
11 0.676993 0.211553 -0.70493 0.249354
11 0 0 0 1
11 0.616296 -0.303141 0.726832 0.594318
11 -0.224332 -0.952284 -0.206955 -0.347089
11 0.754887 -0.035506 -0.654893 0.246143
11 0 0 0 1
11 0.328606 -0.616592 0.715425 0.530249
11 -0.588287 -0.726225 -0.35569 -0.474875
11 0.738875 -0.303993 -0.601375 0.243704
11 0 0 0 1
11 0.412669 -0.743715 0.525921 0.519287
11 -0.773524 -0.591019 -0.228818 -0.377915
11 0.481004 -0.312387 -0.819176 0.216731
11 0 0 0 1
11 0.400023 -0.897553 0.185419 0.428586
11 -0.864076 -0.436787 -0.250182 -0.479202
11 0.30554 -0.0601378 -0.950278 0.177246
11 0 0 0 1
11 0 -1 9.37637e-16 0.3
11 -1 -5.55112e-17 -1.10405e-15 -0.5
11 1.09815e-15 -9.56047e-16 -1 0.128
11 0 0 0 1
12 1.66533e-16 -1 -5.32293e-16 -1.73472e-17
12 -1 -1.11022e-16 2.04359e-15 0.45
12 -2.01102e-15 5.09072e-16 -1 0.128
12 0 0 0 1
12 -0.21835 -0.950239 0.22219 0.095091
12 -0.849863 0.297068 0.435297 0.514132
12 -0.479642 -0.0937837 -0.872438 0.241246
12 0 0 0 1
12 -0.65407 -0.699294 0.288412 0.198851
12 -0.573933 0.707142 0.412978 0.498152
12 -0.492741 0.104587 -0.863868 0.24592
12 0 0 0 1
12 -0.895825 -0.26775 0.354693 0.300266
12 -0.12347 0.916658 0.380123 0.462191
12 -0.42691 0.29673 -0.854224 0.250694
12 0 0 0 1
12 -0.881414 0.217704 0.419183 0.395376
12 0.373301 0.864803 0.3358 0.406576
12 -0.289406 0.45246 -0.843519 0.255566
12 0 0 0 1
12 -0.622999 0.617902 0.479656 0.480266
12 0.77599 0.565461 0.279453 0.332442
12 -0.0985518 0.546307 -0.831767 0.260532
12 0 0 0 1
12 -0.202131 0.821223 0.533606 0.551235
12 0.972129 0.102163 0.211016 0.241721
12 0.118777 0.561387 -0.818985 0.265586
12 0 0 0 1
12 0.254975 0.774909 0.578363 0.60496
12 0.908545 -0.396718 0.130998 0.137104
12 0.330959 0.492068 -0.805193 0.270724
12 0 0 0 1
12 0.614404 0.498899 0.611235 0.638659
12 0.605226 -0.795021 0.0405436 0.0219596
12 0.506171 0.345025 -0.79041 0.275941
12 0 0 0 1
12 0.626306 0.482421 0.612381 0.639658
12 0.587305 -0.808551 0.0362991 0.0166481
12 0.512653 0.33692 -0.789729 0.276175
12 0 0 0 1
12 0.800053 0.575482 0.169514 0.547794
12 0.59293 -0.801533 -0.0773222 -0.105903
12 0.0913739 0.162372 -0.98249 0.166632
12 0 0 0 1
12 0.99082 0.076119 0.111724 0.519565
12 0.0858082 -0.99271 -0.0846405 -0.222903
12 0.104466 0.0934503 -0.990128 0.156672
12 0 0 0 1
12 0.88971 -0.452506 0.0604478 0.466944
12 -0.448308 -0.891013 -0.0715253 -0.330816
12 0.0862254 0.0365375 -0.995605 0.146912
12 0 0 0 1
12 0.523639 -0.851664 0.0216694 0.392546
12 -0.850656 -0.524077 -0.0415769 -0.424618
12 0.046766 0.00333805 -0.9989 0.137354
12 0 0 0 1
12 0 -1 9.37637e-16 0.3
12 -1 -5.55112e-17 -1.10405e-15 -0.5
12 1.09815e-15 -9.56047e-16 -1 0.128
12 0 0 0 1
13 1.66533e-16 -1 -5.32293e-16 -1.73472e-17
13 -1 -1.11022e-16 2.04359e-15 0.45
13 -2.01102e-15 5.09072e-16 -1 0.128
13 0 0 0 1
13 -0.524283 -0.851299 0.0204277 0.111262
13 -0.850477 0.524675 0.0374853 0.450029
13 -0.0426291 0.00227966 -0.999088 0.129352
13 0 0 0 1
13 -0.891465 -0.449571 0.0563612 0.222757
13 -0.446134 0.892674 0.0640128 0.42437
13 -0.0790904 0.0319205 -0.996356 0.131014
13 0 0 0 1
13 -0.973803 -0.174771 0.145477 0.255341
13 -0.0959226 0.895767 0.434051 0.426509
13 -0.206173 0.408725 -0.889065 0.212479
13 0 0 0 1
13 -0.908465 0.134552 0.395712 0.434817
13 0.338426 0.7924 0.507514 0.350264
13 -0.245275 0.594978 -0.765403 0.250772
13 0 0 0 1
13 -0.903826 0.182631 0.386968 0.432546
13 0.369411 0.789429 0.490243 0.34766
13 -0.21595 0.586045 -0.780972 0.245502
13 0 0 0 1
13 -0.770456 0.559202 0.306088 0.412295
13 0.636865 0.69647 0.330655 0.323527
13 -0.0282783 0.449692 -0.892736 0.205268
13 0 0 0 1
13 -0.342084 0.85757 0.384126 0.496181
13 0.935116 0.27049 0.228893 0.223451
13 0.0923892 0.437504 -0.894458 0.199918
13 0 0 0 1
13 0.179524 0.884273 0.431082 0.555684
13 0.962217 -0.249027 0.110111 0.103897
13 0.204719 0.395027 -0.895569 0.194181
13 0 0 0 1
13 0.636358 0.631079 0.443608 0.586274
13 0.709904 -0.7041 -0.0167044 -0.0290682
13 0.301803 0.325549 -0.896065 0.188068
13 0 0 0 1
13 0.890137 0.174753 0.420854 0.584958
13 0.254921 -0.956476 -0.142015 -0.168332
13 0.37772 0.233697 -0.895943 0.181589
13 0 0 0 1
13 0.864358 -0.346424 0.364521 0.550515
13 -0.264472 -0.929683 -0.256406 -0.306123
13 0.427714 0.125221 -0.895198 0.174754
13 0 0 0 1
13 0.567419 -0.774817 0.278738 0.483641
13 -0.690661 -0.632149 -0.351247 -0.434466
13 0.448356 0.00679091 -0.893829 0.167575
13 0 0 0 1
13 0.0898276 -0.981381 0.169769 0.386969
13 -0.894619 -0.15442 -0.419299 -0.54565
13 0.437708 -0.114214 -0.891834 0.160063
13 0 0 0 1
13 0 -1 9.37637e-16 0.3
13 -1 -5.55112e-17 -1.10405e-15 -0.5
13 1.09815e-15 -9.56047e-16 -1 0.128
13 0 0 0 1
14 1.66533e-16 -1 -5.32293e-16 -1.73472e-17
14 -1 -1.11022e-16 2.04359e-15 0.45
14 -2.01102e-15 5.09072e-16 -1 0.128
14 0 0 0 1
14 -0.489976 -0.870826 0.0398274 0.14393
14 -0.848399 0.486862 0.207809 0.484818
14 -0.200356 0.0680319 -0.977358 0.146424
14 0 0 0 1
14 -0.868781 -0.481563 0.1154 0.273495
14 -0.450775 0.865542 0.218264 0.442623
14 -0.204991 0.137605 -0.969043 0.15738
14 0 0 0 1
14 -0.750982 -0.463708 0.470108 0.327135
14 -0.383592 0.885849 0.261013 0.474801
14 -0.537478 0.0156863 -0.843132 0.242326
14 0 0 0 1
14 -0.526457 -0.591014 0.611184 0.316838
14 -0.263082 0.796829 0.543921 0.56571
14 -0.808475 0.125559 -0.574981 0.293104
14 0 0 0 1
14 -0.548415 -0.557757 0.623016 0.335749
14 -0.207974 0.812617 0.544427 0.555593
14 -0.809931 0.169001 -0.56165 0.298554
14 0 0 0 1
14 -0.612503 -0.293201 0.73408 0.472747
14 0.238028 0.817149 0.524985 0.452334
14 -0.753779 0.496286 -0.430716 0.346075
14 0 0 0 1
14 -0.511003 -0.108807 0.852664 0.575411
14 0.615568 0.646034 0.45135 0.314601
14 -0.59996 0.755514 -0.263147 0.3997
14 0 0 0 1
14 -0.323997 -0.0656365 0.943779 0.632916
14 0.861138 0.392628 0.322932 0.153746
14 -0.39175 0.917352 -0.0706882 0.457747
14 0 0 0 1
14 -0.50298 0.3436 0.793064 0.567152
14 0.823767 0.468277 0.319569 0.154248
14 -0.261569 0.814037 -0.518581 0.340883
14 0 0 0 1
14 -0.631907 0.672588 0.385121 0.52775
14 0.772029 0.590025 0.236307 0.14081
14 -0.0682937 0.446649 -0.892099 0.202173
14 0 0 0 1
14 -0.662031 0.740595 0.115037 0.462478
14 0.749358 0.656816 0.0840021 0.242392
14 -0.0133464 0.141816 -0.989803 0.140134
14 0 0 0 1
14 -0.173172 0.978508 0.11195 0.512974
14 0.984462 0.168619 0.0490032 0.134487
14 0.0290731 0.118697 -0.992505 0.138347
14 0 0 0 1
14 0.367979 0.924442 0.0999958 0.539042
14 0.928184 -0.371599 0.0196939 0.0180925
14 0.0553642 0.0855676 -0.994793 0.136579
14 0 0 0 1
14 0.800234 0.594115 0.0815621 0.539394
14 0.596227 -0.802813 -0.00193314 -0.101325
14 0.0643307 0.0501765 -0.996666 0.134828
14 0 0 0 1
14 0.994545 0.0857142 0.059437 0.513956
14 0.0867265 -0.996124 -0.014663 -0.218145
14 0.0579498 0.0197378 -0.998124 0.133095
14 0 0 0 1
14 0.89265 -0.449263 0.0365821 0.463865
14 -0.448898 -0.893399 -0.0181271 -0.326857
14 0.0408263 -0.000240453 -0.999166 0.131379
14 0 0 0 1
14 0.52462 -0.851188 0.0158987 0.391426
14 -0.851119 -0.524817 -0.0128109 -0.422318
14 0.0192484 -0.00681077 -0.999792 0.129681
14 0 0 0 1
14 0 -1 9.37637e-16 0.3
14 -1 -5.55112e-17 -1.10405e-15 -0.5
14 1.09815e-15 -9.56047e-16 -1 0.128
14 0 0 0 1
15 1.66533e-16 -1 -5.32293e-16 -1.73472e-17
15 -1 -1.11022e-16 2.04359e-15 0.45
15 -2.01102e-15 5.09072e-16 -1 0.128
15 0 0 0 1
15 -0.200698 -0.938599 -0.280627 0.0134573
15 -0.968828 0.147697 0.198891 0.410604
15 -0.145231 0.311796 -0.938984 0.22976
15 0 0 0 1
15 -0.668709 -0.725638 -0.162102 0.125886
15 -0.733277 0.607559 0.305247 0.424705
15 -0.123013 0.322987 -0.938375 0.229769
15 0 0 0 1
15 -0.952872 -0.303083 -0.013246 0.244954
15 -0.286736 0.885502 0.365608 0.409447
15 -0.09908 0.352175 -0.930675 0.230217
15 0 0 0 1
15 -0.929774 -0.135967 0.3421 0.348567
15 0.118998 0.768394 0.628816 0.446382
15 -0.348366 0.625366 -0.698253 0.320099
15 0 0 0 1
15 -0.93223 -0.0886944 0.350828 0.358861
15 0.157101 0.774168 0.613175 0.43865
15 -0.325985 0.626736 -0.707768 0.31603
15 0 0 0 1
15 -0.8148 0.412209 0.407658 0.456582
15 0.570535 0.694963 0.437626 0.341545
15 -0.102913 0.589161 -0.801435 0.273582
15 0 0 0 1
15 -0.453486 0.797976 0.39697 0.527056
15 0.889001 0.37327 0.265231 0.22334
15 0.0634704 0.473185 -0.878674 0.2334
15 0 0 0 1
15 -0.175721 0.983865 0.0336315 0.4575
15 0.968008 0.166472 0.187742 0.146947
15 0.179114 0.0655458 -0.981642 0.188083
15 0 0 0 1
15 0.366167 0.92846 0.0623179 0.496898
15 0.916816 -0.371416 0.146621 0.0387192
15 0.159278 0.0034463 -0.987228 0.178794
15 0 0 0 1
15 0.799166 0.596433 0.0748458 0.510729
15 0.588659 -0.801733 0.103463 -0.077676
15 0.121715 -0.0386254 -0.991813 0.1692
15 0 0 0 1
15 0.993647 0.0864221 0.0720829 0.497351
15 0.0819171 -0.994628 0.0632763 -0.196117
15 0.0771642 -0.0569695 -0.995389 0.159313
15 0 0 0 1
15 0.891534 -0.449443 0.0562803 0.456605
15 -0.451481 -0.891759 0.0304973 -0.31017
15 0.0364817 -0.0525988 -0.997949 0.149143
15 0 0 0 1
15 0.52361 -0.8514 0.0308404 0.389864
15 -0.851913 -0.523613 0.00863546 -0.413453
15 0.00879619 -0.0307949 -0.999487 0.138702
15 0 0 0 1
15 0 -1 9.37637e-16 0.3
15 -1 -5.55112e-17 -1.10405e-15 -0.5
15 1.09815e-15 -9.56047e-16 -1 0.128
15 0 0 0 1
16 1.66533e-16 -1 -5.32293e-16 -1.73472e-17
16 -1 -1.11022e-16 2.04359e-15 0.45
16 -2.01102e-15 5.09072e-16 -1 0.128
16 0 0 0 1
16 -0.528734 -0.848683 0.0133079 0.119292
16 -0.848491 0.528899 0.0181292 0.446294
16 -0.0224245 -0.00170611 -0.999747 0.132042
16 0 0 0 1
16 -0.897071 -0.440538 0.0345024 0.237078
16 -0.439723 0.89767 0.0288343 0.413028
16 -0.0436744 0.0106949 -0.998989 0.1362
16 0 0 0 1
16 -0.964932 -0.210819 0.156401 0.22187
16 -0.154155 0.937353 0.312418 0.468475
16 -0.212467 0.277352 -0.936981 0.173386
16 0 0 0 1
16 -0.921009 0.126218 0.368527 0.293626
16 0.303846 0.824781 0.476879 0.484399
16 -0.243764 0.551186 -0.797981 0.195426
16 0 0 0 1
16 -0.915639 0.188209 0.355221 0.27343
16 0.401166 0.37086 0.837573 0.56893
16 0.0259015 0.909418 -0.415077 0.372754
16 0 0 0 1
16 -0.917971 0.204908 0.339622 0.265282
16 0.383772 0.242428 0.891037 0.579051
16 0.100247 0.948283 -0.30118 0.421183
16 0 0 0 1
16 -0.742514 0.354592 0.568276 0.3622
16 0.663275 0.507626 0.549893 0.487553
16 -0.0934841 0.785226 -0.612111 0.228123
16 0 0 0 1
16 -0.519109 0.465232 0.716998 0.533096
16 0.824946 0.492165 0.277917 0.332182
16 -0.223585 0.735754 -0.639278 0.229919
16 0 0 0 1
16 -0.0503116 0.437054 0.898027 0.647623
16 0.998449 0.0434585 0.0347873 0.190029
16 -0.023823 0.898385 -0.438563 0.271524
16 0 0 0 1
16 0.350764 0.129463 0.927472 0.71353
16 0.896657 -0.33212 -0.292751 0.0120325
16 0.270131 0.93431 -0.23258 0.318379
16 0 0 0 1
16 0.524019 -0.338226 0.781669 0.720053
16 0.615595 -0.483844 -0.622043 -0.183134
16 0.588597 0.807155 -0.0453327 0.367142
16 0 0 0 1
16 0.414533 -0.771615 0.482465 0.66483
16 0.329457 -0.366954 -0.869944 -0.374023
16 0.848304 0.519572 0.1021 0.414673
16 0 0 0 1
16 0.100444 -0.99084 0.0902643 0.554008
16 0.203052 -0.0683993 -0.976776 -0.54048
16 0.974003 0.11644 0.194321 0.458448
16 0 0 0 1
16 -0.0331441 -0.97346 0.226446 0.584045
16 0.1129 -0.228767 -0.966912 -0.541978
16 0.993053 -0.0064816 0.117486 0.422901
16 0 0 0 1
16 -0.0506273 -0.942115 0.331445 0.506184
16 0.0369779 -0.333411 -0.942056 -0.625251
16 0.998033 -0.0354376 0.0517171 0.384542
16 0 0 0 1
16 0.114347 -0.837084 0.534991 0.480123
16 0.029446 -0.53543 -0.844066 -0.644109
16 0.993004 0.11227 -0.0365761 0.401838
16 0 0 0 1
16 -0.0754115 -0.799718 0.595621 0.444633
16 -0.258865 -0.561141 -0.786199 -0.659688
16 0.962965 -0.213474 -0.164703 0.353691
16 0 0 0 1
16 0.112779 -0.897823 0.42567 0.328704
16 -0.574085 -0.40854 -0.709592 -0.64158
16 0.810991 -0.164344 -0.561502 0.288343
16 0 0 0 1
16 0.147915 -0.935355 0.321297 0.395493
16 -0.738997 -0.320432 -0.592627 -0.580656
16 0.657271 -0.149779 -0.738621 0.258174
16 0 0 0 1
16 0.261717 -0.964522 0.0346519 0.305472
16 -0.935461 -0.26234 -0.236836 -0.566843
16 0.237524 0.0295684 -0.970932 0.176846
16 0 0 0 1
16 0 -1 9.37637e-16 0.3
16 -1 -5.55112e-17 -1.10405e-15 -0.5
16 1.09815e-15 -9.56047e-16 -1 0.128
16 0 0 0 1
17 1.66533e-16 -1 -5.32293e-16 -1.73472e-17
17 -1 -1.11022e-16 2.04359e-15 0.45
17 -2.01102e-15 5.09072e-16 -1 0.128
17 0 0 0 1
17 -0.526364 -0.850178 0.0117677 0.113782
17 -0.84871 0.52619 0.0530568 0.449977
17 -0.0512998 0.0179398 -0.998522 0.140498
17 0 0 0 1
17 -0.893635 -0.446315 0.0471158 0.227744
17 -0.440541 0.892393 0.0977649 0.422603
17 -0.0856798 0.0666097 -0.994094 0.153808
17 0 0 0 1
17 -0.957224 -0.176512 0.229274 0.286145
17 -0.0506597 0.882375 0.467811 0.429843
17 -0.28488 0.436185 -0.853573 0.232483
17 0 0 0 1
17 -0.952439 0.00285568 0.304717 0.338385
17 0.157376 0.860893 0.483834 0.410095
17 -0.260947 0.508778 -0.820398 0.248691
17 0 0 0 1
17 -0.759871 0.395796 0.515695 0.46602
17 0.636189 0.615842 0.46476 0.328288
17 -0.133636 0.681237 -0.719762 0.29463
17 0 0 0 1
17 -0.391659 0.577941 0.715952 0.568698
17 0.917088 0.182185 0.354623 0.206499
17 0.0745155 0.795483 -0.601378 0.345168
17 0 0 0 1
17 0.00209217 0.496165 0.868226 0.633135
17 0.942999 -0.289916 0.163406 0.0537721
17 0.332789 0.818394 -0.46849 0.399568
17 0 0 0 1
17 0.273623 0.19417 0.942034 0.649655
17 0.753339 -0.652196 -0.0843853 -0.116318
17 0.598006 0.732761 -0.324731 0.456991
17 0 0 0 1
17 0.333123 -0.210594 0.919064 0.613736
17 0.461079 -0.813859 -0.35361 -0.287177
17 0.822457 0.541557 -0.174014 0.516513
17 0 0 0 1
17 0.177926 -0.577824 0.796531 0.526915
17 0.202002 -0.770761 -0.604253 -0.441215
17 0.963087 0.268413 -0.0204168 0.577143
17 0 0 0 1
17 -0.115518 -0.800623 0.587927 0.396882
17 0.0785982 -0.597401 -0.798081 -0.562114
17 0.990191 -0.0459829 0.131938 0.637846
17 0 0 0 1
17 -0.0748256 -0.680554 0.728867 0.521433
17 -0.324905 -0.674393 -0.663046 -0.515231
17 0.942782 -0.286425 -0.170653 0.491711
17 0 0 0 1
17 -0.0135657 -0.803245 0.595494 0.474015
17 -0.654594 -0.443058 -0.612541 -0.564333
17 0.755859 -0.398116 -0.519789 0.385934
17 0 0 0 1
17 0.0822274 -0.942704 0.323338 0.349334
17 -0.858508 -0.231778 -0.457431 -0.544925
17 0.506165 -0.239975 -0.828378 0.304687
17 0 0 0 1
17 0 -1 9.37637e-16 0.3
17 -1 -5.55112e-17 -1.10405e-15 -0.5
17 1.09815e-15 -9.56047e-16 -1 0.128
17 0 0 0 1
18 1.66533e-16 -1 -5.32293e-16 -1.73472e-17
18 -1 -1.11022e-16 2.04359e-15 0.45
18 -2.01102e-15 5.09072e-16 -1 0.128
18 0 0 0 1
18 -0.491107 -0.871095 -0.00287761 0.145232
18 -0.855369 0.481611 0.190775 0.45251
18 -0.164797 0.0961521 -0.98163 0.208334
18 0 0 0 1
18 -0.359918 -0.932704 -0.0228746 0.110437
18 -0.695691 0.25196 0.672703 0.569078
18 -0.621669 0.258032 -0.739559 0.327659
18 0 0 0 1
18 -0.460078 -0.887837 0.00853953 0.140617
18 -0.670298 0.353624 0.65242 0.553815
18 -0.582262 0.29444 -0.75781 0.321157
18 0 0 0 1
18 -0.819763 -0.560582 0.117207 0.25482
18 -0.418317 0.72588 0.545994 0.470488
18 -0.391152 0.398555 -0.82955 0.294246
18 0 0 0 1
18 -0.981048 -0.0777576 0.177477 0.338831
18 0.00429494 0.906994 0.421121 0.365065
18 -0.193716 0.413902 -0.889471 0.269253
18 0 0 0 1
18 -0.880914 0.43467 0.187226 0.388653
18 0.472514 0.830204 0.29579 0.247339
18 -0.0268648 0.349033 -0.936725 0.246378
18 0 0 0 1
18 -0.660544 0.745889 0.0856204 0.450145
18 0.750634 0.653798 0.0953706 0.225905
18 0.0151574 0.127266 -0.991753 0.183067
18 0 0 0 1
18 -0.170172 0.981363 0.0892688 0.499956
18 0.984232 0.164833 0.0641664 0.123127
18 0.048256 0.0987805 -0.993939 0.175509
18 0 0 0 1
18 0.37097 0.924822 0.084174 0.526727
18 0.926358 -0.374891 0.0363107 0.0112575
18 0.065137 0.064505 -0.995789 0.167844
18 0 0 0 1
18 0.802093 0.592839 0.0720365 0.528862
18 0.593514 -0.804703 0.0139511 -0.10454
18 0.0662388 0.0315646 -0.997304 0.160074
18 0 0 0 1
18 0.994947 0.0839765 0.0550365 0.505921
18 0.0841785 -0.99645 -0.00135684 -0.218839
18 0.0547271 0.00598287 -0.998483 0.152202
18 0 0 0 1
18 0.892071 -0.450486 0.0356552 0.45866
18 -0.450477 -0.892745 -0.00874749 -0.32621
18 0.0357716 -0.00825847 -0.999326 0.144231
18 0 0 0 1
18 0.523959 -0.851584 0.0164794 0.38901
18 -0.851602 -0.524126 -0.00809311 -0.421482
18 0.0155292 -0.00979341 -0.999831 0.136162
18 0 0 0 1
18 0 -1 9.37637e-16 0.3
18 -1 -5.55112e-17 -1.10405e-15 -0.5
18 1.09815e-15 -9.56047e-16 -1 0.128
18 0 0 0 1
19 1.66533e-16 -1 -5.32293e-16 -1.73472e-17
19 -1 -1.11022e-16 2.04359e-15 0.45
19 -2.01102e-15 5.09072e-16 -1 0.128
19 0 0 0 1
19 0.163366 -0.985756 0.0399655 -0.00619281
19 -0.859797 -0.122392 0.495751 0.502921
19 -0.483798 -0.115351 -0.867545 0.218621
19 0 0 0 1
