-0.696836 -0.608934 -0.378971  0.349908
 0.204016  -0.67484  0.709203  0.945074
-0.687602  0.416882  0.594485  0.517897
        0         0         0         1
  -0.711805   -0.406112   -0.573068 1.27746e+15
  -0.625537    0.737598    0.254269 1.45723e+15
   0.319432    0.539465   -0.779064 1.73665e+15
          0           0           0           1
 0.0508016  -0.937669  -0.343798   0.245245
-0.0152018  -0.344928   0.938506    0.64208
 -0.998593 -0.0424513 -0.0317771   0.775254
         0          0          0          1
   0.981363    0.192157 -0.00124814   0.0133607
 -0.0845549    0.437644    0.895164    0.404443
   0.172558   -0.878376    0.445736     1.13391
          0           0           0           1
 0.614883 -0.741933  -0.26731  0.257882
0.0223247 -0.322448  0.946324  0.633404
-0.788302 -0.587846 -0.181704   1.02499
        0         0         0         1
  -0.410503    0.900968    0.140509 3.83237e+15
  -0.118403   -0.205453    0.971478 4.37168e+15
   0.904139    0.382158    0.191017 5.20996e+15
          0           0           0           1
  -0.8437 -0.486572 -0.226759  0.181853
 0.172301  -0.64552  0.744055  0.926538
-0.508413  0.588688  0.628462  0.468882
        0         0         0         1
 -0.994915   -0.04732 -0.0889179 -0.0247554
-0.0856821 -0.0665053   0.994101   0.484679
-0.0529544   0.996664  0.0621126   0.207659
         0          0          0          1
         -1           0           0 5.10983e+15
          0           0           1  5.8289e+15
          0           1           0 6.94661e+15
          0           0           0           1
  -0.560132    0.600524    0.570634 1.27746e+15
  -0.563111   -0.781233    0.269408 1.45723e+15
   0.607585   -0.170426    0.775755 1.73665e+15
          0           0           0           1
  -0.560132    0.600524    0.570634 1.27746e+15
  -0.563111   -0.781233    0.269408 1.45723e+15
   0.607585   -0.170426    0.775755 1.73665e+15
          0           0           0           1
 -0.672339  -0.738129  -0.055908   0.575164
 -0.029034 -0.0491729   0.998368   0.474569
 -0.739673   0.672866  0.0116301   0.255222
         0          0          0          1
  -0.985363  -0.0965246   -0.140509 1.27746e+15
   0.118403    0.205453   -0.971478 1.45723e+15
    0.12264   -0.973895   -0.191017 1.73665e+15
          0           0           0           1
   0.999755   0.0212208  0.00635588  -0.0108972
0.000679612   -0.316167    0.948704    0.629019
  0.0221418   -0.948466   -0.316104     1.15309
          0           0           0           1
   0.994622   0.0726295   0.0738349 3.83237e+15
 -0.0805951   0.0950332    0.992206 4.37168e+15
  0.0650466   -0.992821    0.100376 5.20996e+15
          0           0           0           1
  -0.560132    0.600524    0.570634 1.27746e+15
  -0.563111   -0.781233    0.269408 1.45723e+15
   0.607585   -0.170426    0.775755 1.73665e+15
          0           0           0           1
  -0.560132    0.600524    0.570634 1.27746e+15
  -0.563111   -0.781233    0.269408 1.45723e+15
   0.607585   -0.170426    0.775755 1.73665e+15
          0           0           0           1
  0.961513   0.255272   0.101632  0.0485083
-0.0267052  -0.281319   0.959242   0.611795
  0.273458  -0.925038  -0.263675    1.06431
         0          0          0          1
  0.461799  -0.836314    -0.2955   0.322899
-0.0830225  -0.372444   0.924333   0.658616
  -0.88309  -0.402324  -0.241427   0.931629
         0          0          0          1
  -0.560132    0.600524    0.570634 1.27746e+15
  -0.563111   -0.781233    0.269408 1.45723e+15
   0.607585   -0.170426    0.775755 1.73665e+15
          0           0           0           1
  0.0746197    0.816006    0.573207 2.55491e+15
  -0.930899    0.263111   -0.253376 2.91445e+15
  -0.357573   -0.514691    0.779253 3.47331e+15
          0           0           0           1
  0.0746197    0.816006    0.573207 2.55491e+15
  -0.930899    0.263111   -0.253376 2.91445e+15
  -0.357573   -0.514691    0.779253 3.47331e+15
          0           0           0           1
  -0.711805   -0.406112   -0.573068 1.27746e+15
  -0.625537    0.737598    0.254269 1.45723e+15
   0.319432    0.539465   -0.779064 1.73665e+15
          0           0           0           1
  -0.985363  -0.0965246   -0.140509 1.27746e+15
   0.118403    0.205453   -0.971478 1.45723e+15
    0.12264   -0.973895   -0.191017 1.73665e+15
          0           0           0           1
  -0.371515   -0.715329    0.591845 2.55491e+15
   0.869422   -0.491683  -0.0485128 2.91445e+15
   0.325703     0.49654    0.804591 3.47331e+15
          0           0           0           1
  -0.711805   -0.406112   -0.573068 1.27746e+15
  -0.625537    0.737598    0.254269 1.45723e+15
   0.319432    0.539465   -0.779064 1.73665e+15
          0           0           0           1
 -0.952035  -0.305661 -0.0141623   0.309202
 0.0174879  -0.100561   0.994777   0.499339
 -0.305489   0.946815   0.101082   0.146972
         0          0          0          1
  -0.985363  -0.0965246   -0.140509 1.27746e+15
   0.118403    0.205453   -0.971478 1.45723e+15
    0.12264   -0.973895   -0.191017 1.73665e+15
          0           0           0           1
  -0.711805   -0.406112   -0.573068 1.27746e+15
  -0.625537    0.737598    0.254269 1.45723e+15
   0.319432    0.539465   -0.779064 1.73665e+15
          0           0           0           1
  0.163501  -0.916875  -0.364153   0.211457
0.00212178  -0.368792   0.929509   0.660133
 -0.986541  -0.152749 -0.0583526   0.844109
         0          0          0          1
-0.687338 -0.620993 -0.376742  0.355493
 0.220115 -0.672381   0.70672  0.940628
-0.692182  0.402829  0.598843  0.521879
        0         0         0         1
  -0.711805   -0.406112   -0.573068 1.27746e+15
  -0.625537    0.737598    0.254269 1.45723e+15
   0.319432    0.539465   -0.779064 1.73665e+15
          0           0           0           1
 0.0508016  -0.937669  -0.343798   0.245245
-0.0152018  -0.344928   0.938506    0.64208
 -0.998593 -0.0424513 -0.0317771   0.775254
         0          0          0          1
-0.0104136  -0.998273 -0.0578055   0.577257
 -0.161854 -0.0553635    0.98526   0.804566
  -0.98676   0.019616  -0.160998   0.888672
         0          0          0          1
 0.614883 -0.741933  -0.26731  0.257882
0.0223247 -0.322448  0.946324  0.633404
-0.788302 -0.587846 -0.181704   1.02499
        0         0         0         1
  -0.410503    0.900968    0.140509 3.83237e+15
  -0.118403   -0.205453    0.971478 4.37168e+15
   0.904139    0.382158    0.191017 5.20996e+15
          0           0           0           1
-0.844248 -0.483499 -0.231243  0.181043
  0.16281 -0.642435  0.748846  0.928062
-0.510626  0.594563  0.621093  0.468798
        0         0         0         1
  -0.78627  -0.611749 -0.0868416   0.276508
 -0.614851   0.788552  0.0120073   0.355109
 0.0611334  0.0628359   -0.99615   0.892421
         0          0          0          1
         -1           0           0 5.10983e+15
          0           0           1  5.8289e+15
          0           1           0 6.94661e+15
          0           0           0           1
  -0.560132    0.600524    0.570634 1.27746e+15
  -0.563111   -0.781233    0.269408 1.45723e+15
   0.607585   -0.170426    0.775755 1.73665e+15
          0           0           0           1
  -0.560132    0.600524    0.570634 1.27746e+15
  -0.563111   -0.781233    0.269408 1.45723e+15
   0.607585   -0.170426    0.775755 1.73665e+15
          0           0           0           1
 -0.669052  -0.741223   -0.05439   0.576499
-0.0311352 -0.0451643   0.998495   0.472923
 -0.742563   0.669738 0.00713917   0.256959
         0          0          0          1
  -0.985363  -0.0965246   -0.140509 1.27746e+15
   0.118403    0.205453   -0.971478 1.45723e+15
    0.12264   -0.973895   -0.191017 1.73665e+15
          0           0           0           1
   0.999755   0.0212208  0.00635588  -0.0108972
0.000679612   -0.316167    0.948704    0.629019
  0.0221418   -0.948466   -0.316104     1.15309
          0           0           0           1
   0.994622   0.0726295   0.0738349 3.83237e+15
 -0.0805951   0.0950332    0.992206 4.37168e+15
  0.0650466   -0.992821    0.100376 5.20996e+15
          0           0           0           1
  -0.560132    0.600524    0.570634 1.27746e+15
  -0.563111   -0.781233    0.269408 1.45723e+15
   0.607585   -0.170426    0.775755 1.73665e+15
          0           0           0           1
  -0.560132    0.600524    0.570634 1.27746e+15
  -0.563111   -0.781233    0.269408 1.45723e+15
   0.607585   -0.170426    0.775755 1.73665e+15
          0           0           0           1
  0.961513   0.255272   0.101632  0.0485083
-0.0267052  -0.281319   0.959242   0.611795
  0.273458  -0.925038  -0.263675    1.06431
         0          0          0          1
  0.461799  -0.836314    -0.2955   0.322899
-0.0830225  -0.372444   0.924333   0.658616
  -0.88309  -0.402324  -0.241427   0.931629
         0          0          0          1
  -0.560132    0.600524    0.570634 1.27746e+15
  -0.563111   -0.781233    0.269408 1.45723e+15
   0.607585   -0.170426    0.775755 1.73665e+15
          0           0           0           1
  0.0746197    0.816006    0.573207 2.55491e+15
  -0.930899    0.263111   -0.253376 2.91445e+15
  -0.357573   -0.514691    0.779253 3.47331e+15
          0           0           0           1
  0.0746197    0.816006    0.573207 2.55491e+15
  -0.930899    0.263111   -0.253376 2.91445e+15
  -0.357573   -0.514691    0.779253 3.47331e+15
          0           0           0           1
  -0.711805   -0.406112   -0.573068 1.27746e+15
  -0.625537    0.737598    0.254269 1.45723e+15
   0.319432    0.539465   -0.779064 1.73665e+15
          0           0           0           1
  -0.985363  -0.0965246   -0.140509 1.27746e+15
   0.118403    0.205453   -0.971478 1.45723e+15
    0.12264   -0.973895   -0.191017 1.73665e+15
          0           0           0           1
  -0.410503    0.900968    0.140509 3.83237e+15
  -0.118403   -0.205453    0.971478 4.37168e+15
   0.904139    0.382158    0.191017 5.20996e+15
          0           0           0           1
  -0.711805   -0.406112   -0.573068 1.27746e+15
  -0.625537    0.737598    0.254269 1.45723e+15
   0.319432    0.539465   -0.779064 1.73665e+15
          0           0           0           1
 -0.970041  -0.242824 0.00749712   0.277033
 0.0482289  -0.162237   0.985572    0.52836
 -0.238105   0.956407   0.169087    0.13513
         0          0          0          1
  -0.985363  -0.0965246   -0.140509 1.27746e+15
   0.118403    0.205453   -0.971478 1.45723e+15
    0.12264   -0.973895   -0.191017 1.73665e+15
          0           0           0           1
  -0.711805   -0.406112   -0.573068 1.27746e+15
  -0.625537    0.737598    0.254269 1.45723e+15
   0.319432    0.539465   -0.779064 1.73665e+15
          0           0           0           1
  0.163501  -0.916875  -0.364153   0.211457
0.00212178  -0.368792   0.929509   0.660133
 -0.986541  -0.152749 -0.0583526   0.844109
         0          0          0          1
  -0.711805   -0.406112   -0.573068 1.27746e+15
  -0.625537    0.737598    0.254269 1.45723e+15
   0.319432    0.539465   -0.779064 1.73665e+15
          0           0           0           1
  -0.711805   -0.406112   -0.573068 1.27746e+15
  -0.625537    0.737598    0.254269 1.45723e+15
   0.319432    0.539465   -0.779064 1.73665e+15
          0           0           0           1
  0.369063  -0.119608  -0.921676 -0.0738183
  -0.91691     0.1152  -0.382105   0.676572
   0.15188   0.986115 -0.0671538   0.343586
         0          0          0          1
  -0.711805   -0.406112   -0.573068 1.27746e+15
  -0.625537    0.737598    0.254269 1.45723e+15
   0.319432    0.539465   -0.779064 1.73665e+15
          0           0           0           1
 0.269005 -0.433708 -0.859961  0.175259
-0.919261   0.15081 -0.363614  0.659709
 0.287393  0.888343 -0.358123  0.390748
        0         0         0         1
  -0.410503    0.900968    0.140509 3.83237e+15
  -0.118403   -0.205453    0.971478 4.37168e+15
   0.904139    0.382158    0.191017 5.20996e+15
          0           0           0           1
  -0.711805   -0.406112   -0.573068 1.27746e+15
  -0.625537    0.737598    0.254269 1.45723e+15
   0.319432    0.539465   -0.779064 1.73665e+15
          0           0           0           1
  -0.711805   -0.406112   -0.573068 1.27746e+15
  -0.625537    0.737598    0.254269 1.45723e+15
   0.319432    0.539465   -0.779064 1.73665e+15
          0           0           0           1
         -1           0           0 5.10983e+15
          0           0           1  5.8289e+15
          0           1           0 6.94661e+15
          0           0           0           1
  0.0746197    0.816006    0.573207 2.55491e+15
  -0.930899    0.263111   -0.253376 2.91445e+15
  -0.357573   -0.514691    0.779253 3.47331e+15
          0           0           0           1
  0.0746197    0.816006    0.573207 2.55491e+15
  -0.930899    0.263111   -0.253376 2.91445e+15
  -0.357573   -0.514691    0.779253 3.47331e+15
          0           0           0           1
  -0.711805   -0.406112   -0.573068 1.27746e+15
  -0.625537    0.737598    0.254269 1.45723e+15
   0.319432    0.539465   -0.779064 1.73665e+15
          0           0           0           1
 -0.0908234    0.976795   -0.193965 2.55491e+15
   0.284935   -0.161139   -0.944905 2.91445e+15
  -0.954234   -0.141087   -0.263688 3.47331e+15
          0           0           0           1
  -0.711805   -0.406112   -0.573068 1.27746e+15
  -0.625537    0.737598    0.254269 1.45723e+15
   0.319432    0.539465   -0.779064 1.73665e+15
          0           0           0           1
         -1           0           0 5.10983e+15
          0           0           1  5.8289e+15
          0           1           0 6.94661e+15
          0           0           0           1
  0.0746197    0.816006    0.573207 2.55491e+15
  -0.930899    0.263111   -0.253376 2.91445e+15
  -0.357573   -0.514691    0.779253 3.47331e+15
          0           0           0           1
  0.0746197    0.816006    0.573207 2.55491e+15
  -0.930899    0.263111   -0.253376 2.91445e+15
  -0.357573   -0.514691    0.779253 3.47331e+15
          0           0           0           1
  -0.711805   -0.406112   -0.573068 1.27746e+15
  -0.625537    0.737598    0.254269 1.45723e+15
   0.319432    0.539465   -0.779064 1.73665e+15
          0           0           0           1
  -0.711805   -0.406112   -0.573068 1.27746e+15
  -0.625537    0.737598    0.254269 1.45723e+15
   0.319432    0.539465   -0.779064 1.73665e+15
          0           0           0           1
  0.0746197    0.816006    0.573207 2.55491e+15
  -0.930899    0.263111   -0.253376 2.91445e+15
  -0.357573   -0.514691    0.779253 3.47331e+15
          0           0           0           1
  0.0746197    0.816006    0.573207 2.55491e+15
  -0.930899    0.263111   -0.253376 2.91445e+15
  -0.357573   -0.514691    0.779253 3.47331e+15
          0           0           0           1
  0.0746197    0.816006    0.573207 2.55491e+15
  -0.930899    0.263111   -0.253376 2.91445e+15
  -0.357573   -0.514691    0.779253 3.47331e+15
          0           0           0           1
  -0.711805   -0.406112   -0.573068 1.27746e+15
  -0.625537    0.737598    0.254269 1.45723e+15
   0.319432    0.539465   -0.779064 1.73665e+15
          0           0           0           1
 -0.0908234    0.976795   -0.193965 2.55491e+15
   0.284935   -0.161139   -0.944905 2.91445e+15
  -0.954234   -0.141087   -0.263688 3.47331e+15
          0           0           0           1
  -0.410503    0.900968    0.140509 3.83237e+15
  -0.118403   -0.205453    0.971478 4.37168e+15
   0.904139    0.382158    0.191017 5.20996e+15
          0           0           0           1
  -0.711805   -0.406112   -0.573068 1.27746e+15
  -0.625537    0.737598    0.254269 1.45723e+15
   0.319432    0.539465   -0.779064 1.73665e+15
          0           0           0           1
  -0.711805   -0.406112   -0.573068 1.27746e+15
  -0.625537    0.737598    0.254269 1.45723e+15
   0.319432    0.539465   -0.779064 1.73665e+15
          0           0           0           1
 -0.0908234    0.976795   -0.193965 2.55491e+15
   0.284935   -0.161139   -0.944905 2.91445e+15
  -0.954234   -0.141087   -0.263688 3.47331e+15
          0           0           0           1
  -0.711805   -0.406112   -0.573068 1.27746e+15
  -0.625537    0.737598    0.254269 1.45723e+15
   0.319432    0.539465   -0.779064 1.73665e+15
          0           0           0           1
  -0.711805   -0.406112   -0.573068 1.27746e+15
  -0.625537    0.737598    0.254269 1.45723e+15
   0.319432    0.539465   -0.779064 1.73665e+15
          0           0           0           1
  0.0746197    0.816006    0.573207 2.55491e+15
  -0.930899    0.263111   -0.253376 2.91445e+15
  -0.357573   -0.514691    0.779253 3.47331e+15
          0           0           0           1
  -0.711805   -0.406112   -0.573068 1.27746e+15
  -0.625537    0.737598    0.254269 1.45723e+15
   0.319432    0.539465   -0.779064 1.73665e+15
          0           0           0           1
  0.0746197    0.816006    0.573207 2.55491e+15
  -0.930899    0.263111   -0.253376 2.91445e+15
  -0.357573   -0.514691    0.779253 3.47331e+15
          0           0           0           1
  0.0746197    0.816006    0.573207 2.55491e+15
  -0.930899    0.263111   -0.253376 2.91445e+15
  -0.357573   -0.514691    0.779253 3.47331e+15
          0           0           0           1
  -0.711805   -0.406112   -0.573068 1.27746e+15
  -0.625537    0.737598    0.254269 1.45723e+15
   0.319432    0.539465   -0.779064 1.73665e+15
          0           0           0           1
  -0.410503    0.900968    0.140509 3.83237e+15
  -0.118403   -0.205453    0.971478 4.37168e+15
   0.904139    0.382158    0.191017 5.20996e+15
          0           0           0           1
  0.0746197    0.816006    0.573207 2.55491e+15
  -0.930899    0.263111   -0.253376 2.91445e+15
  -0.357573   -0.514691    0.779253 3.47331e+15
          0           0           0           1
  0.0746197    0.816006    0.573207 2.55491e+15
  -0.930899    0.263111   -0.253376 2.91445e+15
  -0.357573   -0.514691    0.779253 3.47331e+15
          0           0           0           1
         -1           0           0 5.10983e+15
          0           0           1  5.8289e+15
          0           1           0 6.94661e+15
          0           0           0           1
  0.0746197    0.816006    0.573207 2.55491e+15
  -0.930899    0.263111   -0.253376 2.91445e+15
  -0.357573   -0.514691    0.779253 3.47331e+15
          0           0           0           1
  0.0746197    0.816006    0.573207 2.55491e+15
  -0.930899    0.263111   -0.253376 2.91445e+15
  -0.357573   -0.514691    0.779253 3.47331e+15
          0           0           0           1
  0.0746197    0.816006    0.573207 2.55491e+15
  -0.930899    0.263111   -0.253376 2.91445e+15
  -0.357573   -0.514691    0.779253 3.47331e+15
          0           0           0           1
 -0.0908234    0.976795   -0.193965 2.55491e+15
   0.284935   -0.161139   -0.944905 2.91445e+15
  -0.954234   -0.141087   -0.263688 3.47331e+15
          0           0           0           1
  -0.711805   -0.406112   -0.573068 1.27746e+15
  -0.625537    0.737598    0.254269 1.45723e+15
   0.319432    0.539465   -0.779064 1.73665e+15
          0           0           0           1
         -1           0           0 5.10983e+15
          0           0           1  5.8289e+15
          0           1           0 6.94661e+15
          0           0           0           1
  0.0746197    0.816006    0.573207 2.55491e+15
  -0.930899    0.263111   -0.253376 2.91445e+15
  -0.357573   -0.514691    0.779253 3.47331e+15
          0           0           0           1
  0.0746197    0.816006    0.573207 2.55491e+15
  -0.930899    0.263111   -0.253376 2.91445e+15
  -0.357573   -0.514691    0.779253 3.47331e+15
          0           0           0           1
  0.0746197    0.816006    0.573207 2.55491e+15
  -0.930899    0.263111   -0.253376 2.91445e+15
  -0.357573   -0.514691    0.779253 3.47331e+15
          0           0           0           1
  -0.711805   -0.406112   -0.573068 1.27746e+15
  -0.625537    0.737598    0.254269 1.45723e+15
   0.319432    0.539465   -0.779064 1.73665e+15
          0           0           0           1
  0.0746197    0.816006    0.573207 2.55491e+15
  -0.930899    0.263111   -0.253376 2.91445e+15
  -0.357573   -0.514691    0.779253 3.47331e+15
          0           0           0           1
  0.0746197    0.816006    0.573207 2.55491e+15
  -0.930899    0.263111   -0.253376 2.91445e+15
  -0.357573   -0.514691    0.779253 3.47331e+15
          0           0           0           1
  0.0746197    0.816006    0.573207 2.55491e+15
  -0.930899    0.263111   -0.253376 2.91445e+15
  -0.357573   -0.514691    0.779253 3.47331e+15
          0           0           0           1
  -0.711805   -0.406112   -0.573068 1.27746e+15
  -0.625537    0.737598    0.254269 1.45723e+15
   0.319432    0.539465   -0.779064 1.73665e+15
          0           0           0           1
 -0.0908234    0.976795   -0.193965 2.55491e+15
   0.284935   -0.161139   -0.944905 2.91445e+15
  -0.954234   -0.141087   -0.263688 3.47331e+15
          0           0           0           1
  -0.410503    0.900968    0.140509 3.83237e+15
  -0.118403   -0.205453    0.971478 4.37168e+15
   0.904139    0.382158    0.191017 5.20996e+15
          0           0           0           1
  0.0746197    0.816006    0.573207 2.55491e+15
  -0.930899    0.263111   -0.253376 2.91445e+15
  -0.357573   -0.514691    0.779253 3.47331e+15
          0           0           0           1
  0.0746197    0.816006    0.573207 2.55491e+15
  -0.930899    0.263111   -0.253376 2.91445e+15
  -0.357573   -0.514691    0.779253 3.47331e+15
          0           0           0           1
  -0.323884    0.800536    0.504223 3.83237e+15
  -0.850842  -0.0134044    -0.52525 4.37168e+15
  -0.413723   -0.599134    0.685472 5.20996e+15
          0           0           0           1
  -0.711805   -0.406112   -0.573068 1.27746e+15
  -0.625537    0.737598    0.254269 1.45723e+15
   0.319432    0.539465   -0.779064 1.73665e+15
          0           0           0           1
  0.0746197    0.816006    0.573207 2.55491e+15
  -0.930899    0.263111   -0.253376 2.91445e+15
  -0.357573   -0.514691    0.779253 3.47331e+15
          0           0           0           1
  0.0746197    0.816006    0.573207 2.55491e+15
  -0.930899    0.263111   -0.253376 2.91445e+15
  -0.357573   -0.514691    0.779253 3.47331e+15
          0           0           0           1
  0.0746197    0.816006    0.573207 2.55491e+15
  -0.930899    0.263111   -0.253376 2.91445e+15
  -0.357573   -0.514691    0.779253 3.47331e+15
          0           0           0           1
  0.0746197    0.816006    0.573207 2.55491e+15
  -0.930899    0.263111   -0.253376 2.91445e+15
  -0.357573   -0.514691    0.779253 3.47331e+15
          0           0           0           1
  -0.323884    0.800536    0.504223 3.83237e+15
  -0.850842  -0.0134044    -0.52525 4.37168e+15
  -0.413723   -0.599134    0.685472 5.20996e+15
          0           0           0           1
  -0.323884    0.800536    0.504223 3.83237e+15
  -0.850842  -0.0134044    -0.52525 4.37168e+15
  -0.413723   -0.599134    0.685472 5.20996e+15
          0           0           0           1
         -1           0           0 5.10983e+15
          0           0           1  5.8289e+15
          0           1           0 6.94661e+15
          0           0           0           1
  0.0746197    0.816006    0.573207 2.55491e+15
  -0.930899    0.263111   -0.253376 2.91445e+15
  -0.357573   -0.514691    0.779253 3.47331e+15
          0           0           0           1
  0.0746197    0.816006    0.573207 2.55491e+15
  -0.930899    0.263111   -0.253376 2.91445e+15
  -0.357573   -0.514691    0.779253 3.47331e+15
          0           0           0           1
         -1           0           0 5.10983e+15
          0           0           1  5.8289e+15
          0           1           0 6.94661e+15
          0           0           0           1
  0.0746197    0.816006    0.573207 2.55491e+15
  -0.930899    0.263111   -0.253376 2.91445e+15
  -0.357573   -0.514691    0.779253 3.47331e+15
          0           0           0           1
  0.0746197    0.816006    0.573207 2.55491e+15
  -0.930899    0.263111   -0.253376 2.91445e+15
  -0.357573   -0.514691    0.779253 3.47331e+15
          0           0           0           1
  0.0746197    0.816006    0.573207 2.55491e+15
  -0.930899    0.263111   -0.253376 2.91445e+15
  -0.357573   -0.514691    0.779253 3.47331e+15
          0           0           0           1
  -0.323884    0.800536    0.504223 3.83237e+15
  -0.850842  -0.0134044    -0.52525 4.37168e+15
  -0.413723   -0.599134    0.685472 5.20996e+15
          0           0           0           1
  -0.323884    0.800536    0.504223 3.83237e+15
  -0.850842  -0.0134044    -0.52525 4.37168e+15
  -0.413723   -0.599134    0.685472 5.20996e+15
          0           0           0           1
         -1           0           0 5.10983e+15
          0           0           1  5.8289e+15
          0           1           0 6.94661e+15
          0           0           0           1
  0.0746197    0.816006    0.573207 2.55491e+15
  -0.930899    0.263111   -0.253376 2.91445e+15
  -0.357573   -0.514691    0.779253 3.47331e+15
          0           0           0           1
  0.0746197    0.816006    0.573207 2.55491e+15
  -0.930899    0.263111   -0.253376 2.91445e+15
  -0.357573   -0.514691    0.779253 3.47331e+15
          0           0           0           1
  0.0746197    0.816006    0.573207 2.55491e+15
  -0.930899    0.263111   -0.253376 2.91445e+15
  -0.357573   -0.514691    0.779253 3.47331e+15
          0           0           0           1
  0.0746197    0.816006    0.573207 2.55491e+15
  -0.930899    0.263111   -0.253376 2.91445e+15
  -0.357573   -0.514691    0.779253 3.47331e+15
          0           0           0           1
  0.0746197    0.816006    0.573207 2.55491e+15
  -0.930899    0.263111   -0.253376 2.91445e+15
  -0.357573   -0.514691    0.779253 3.47331e+15
          0           0           0           1
  0.0746197    0.816006    0.573207 2.55491e+15
  -0.930899    0.263111   -0.253376 2.91445e+15
  -0.357573   -0.514691    0.779253 3.47331e+15
          0           0           0           1
  0.0746197    0.816006    0.573207 2.55491e+15
  -0.930899    0.263111   -0.253376 2.91445e+15
  -0.357573   -0.514691    0.779253 3.47331e+15
          0           0           0           1
  0.0746197    0.816006    0.573207 2.55491e+15
  -0.930899    0.263111   -0.253376 2.91445e+15
  -0.357573   -0.514691    0.779253 3.47331e+15
          0           0           0           1
  -0.323884    0.800536    0.504223 3.83237e+15
  -0.850842  -0.0134044    -0.52525 4.37168e+15
  -0.413723   -0.599134    0.685472 5.20996e+15
          0           0           0           1
         -1           0           0 5.10983e+15
          0           0           1  5.8289e+15
          0           1           0 6.94661e+15
          0           0           0           1
  0.0746197    0.816006    0.573207 2.55491e+15
  -0.930899    0.263111   -0.253376 2.91445e+15
  -0.357573   -0.514691    0.779253 3.47331e+15
          0           0           0           1
  0.0746197    0.816006    0.573207 2.55491e+15
  -0.930899    0.263111   -0.253376 2.91445e+15
  -0.357573   -0.514691    0.779253 3.47331e+15
          0           0           0           1
  -0.323884    0.800536    0.504223 3.83237e+15
  -0.850842  -0.0134044    -0.52525 4.37168e+15
  -0.413723   -0.599134    0.685472 5.20996e+15
          0           0           0           1
  0.0746197    0.816006    0.573207 2.55491e+15
  -0.930899    0.263111   -0.253376 2.91445e+15
  -0.357573   -0.514691    0.779253 3.47331e+15
          0           0           0           1
  0.0746197    0.816006    0.573207 2.55491e+15
  -0.930899    0.263111   -0.253376 2.91445e+15
  -0.357573   -0.514691    0.779253 3.47331e+15
          0           0           0           1
  0.0746197    0.816006    0.573207 2.55491e+15
  -0.930899    0.263111   -0.253376 2.91445e+15
  -0.357573   -0.514691    0.779253 3.47331e+15
          0           0           0           1
  0.0746197    0.816006    0.573207 2.55491e+15
  -0.930899    0.263111   -0.253376 2.91445e+15
  -0.357573   -0.514691    0.779253 3.47331e+15
          0           0           0           1
  -0.323884    0.800536    0.504223 3.83237e+15
  -0.850842  -0.0134044    -0.52525 4.37168e+15
  -0.413723   -0.599134    0.685472 5.20996e+15
          0           0           0           1
  0.0746197    0.816006    0.573207 2.55491e+15
  -0.930899    0.263111   -0.253376 2.91445e+15
  -0.357573   -0.514691    0.779253 3.47331e+15
          0           0           0           1
  -0.323884    0.800536    0.504223 3.83237e+15
  -0.850842  -0.0134044    -0.52525 4.37168e+15
  -0.413723   -0.599134    0.685472 5.20996e+15
          0           0           0           1
         -1           0           0 5.10983e+15
          0           0           1  5.8289e+15
          0           1           0 6.94661e+15
          0           0           0           1
  -0.323884    0.800536    0.504223 3.83237e+15
  -0.850842  -0.0134044    -0.52525 4.37168e+15
  -0.413723   -0.599134    0.685472 5.20996e+15
          0           0           0           1
  0.0746197    0.816006    0.573207 2.55491e+15
  -0.930899    0.263111   -0.253376 2.91445e+15
  -0.357573   -0.514691    0.779253 3.47331e+15
          0           0           0           1
         -1           0           0 5.10983e+15
          0           0           1  5.8289e+15
          0           1           0 6.94661e+15
          0           0           0           1
  -0.323884    0.800536    0.504223 3.83237e+15
  -0.850842  -0.0134044    -0.52525 4.37168e+15
  -0.413723   -0.599134    0.685472 5.20996e+15
          0           0           0           1
  -0.323884    0.800536    0.504223 3.83237e+15
  -0.850842  -0.0134044    -0.52525 4.37168e+15
  -0.413723   -0.599134    0.685472 5.20996e+15
          0           0           0           1
  0.0746197    0.816006    0.573207 2.55491e+15
  -0.930899    0.263111   -0.253376 2.91445e+15
  -0.357573   -0.514691    0.779253 3.47331e+15
          0           0           0           1
  -0.323884    0.800536    0.504223 3.83237e+15
  -0.850842  -0.0134044    -0.52525 4.37168e+15
  -0.413723   -0.599134    0.685472 5.20996e+15
          0           0           0           1
  -0.323884    0.800536    0.504223 3.83237e+15
  -0.850842  -0.0134044    -0.52525 4.37168e+15
  -0.413723   -0.599134    0.685472 5.20996e+15
          0           0           0           1
         -1           0           0 5.10983e+15
          0           0           1  5.8289e+15
          0           1           0 6.94661e+15
          0           0           0           1
  -0.323884    0.800536    0.504223 3.83237e+15
  -0.850842  -0.0134044    -0.52525 4.37168e+15
  -0.413723   -0.599134    0.685472 5.20996e+15
          0           0           0           1
         -1           0           0 5.10983e+15
          0           0           1  5.8289e+15
          0           1           0 6.94661e+15
          0           0           0           1
  -0.323884    0.800536    0.504223 3.83237e+15
  -0.850842  -0.0134044    -0.52525 4.37168e+15
  -0.413723   -0.599134    0.685472 5.20996e+15
          0           0           0           1
  -0.323884    0.800536    0.504223 3.83237e+15
  -0.850842  -0.0134044    -0.52525 4.37168e+15
  -0.413723   -0.599134    0.685472 5.20996e+15
          0           0           0           1
  -0.323884    0.800536    0.504223 3.83237e+15
  -0.850842  -0.0134044    -0.52525 4.37168e+15
  -0.413723   -0.599134    0.685472 5.20996e+15
          0           0           0           1
  -0.323884    0.800536    0.504223 3.83237e+15
  -0.850842  -0.0134044    -0.52525 4.37168e+15
  -0.413723   -0.599134    0.685472 5.20996e+15
          0           0           0           1
  -0.323884    0.800536    0.504223 3.83237e+15
  -0.850842  -0.0134044    -0.52525 4.37168e+15
  -0.413723   -0.599134    0.685472 5.20996e+15
          0           0           0           1
  0.0746197    0.816006    0.573207 2.55491e+15
  -0.930899    0.263111   -0.253376 2.91445e+15
  -0.357573   -0.514691    0.779253 3.47331e+15
          0           0           0           1
  -0.323884    0.800536    0.504223 3.83237e+15
  -0.850842  -0.0134044    -0.52525 4.37168e+15
  -0.413723   -0.599134    0.685472 5.20996e+15
          0           0           0           1
         -1           0           0 5.10983e+15
          0           0           1  5.8289e+15
          0           1           0 6.94661e+15
          0           0           0           1
  -0.323884    0.800536    0.504223 3.83237e+15
  -0.850842  -0.0134044    -0.52525 4.37168e+15
  -0.413723   -0.599134    0.685472 5.20996e+15
          0           0           0           1
  0.0746197    0.816006    0.573207 2.55491e+15
  -0.930899    0.263111   -0.253376 2.91445e+15
  -0.357573   -0.514691    0.779253 3.47331e+15
          0           0           0           1
  -0.323884    0.800536    0.504223 3.83237e+15
  -0.850842  -0.0134044    -0.52525 4.37168e+15
  -0.413723   -0.599134    0.685472 5.20996e+15
          0           0           0           1
  -0.323884    0.800536    0.504223 3.83237e+15
  -0.850842  -0.0134044    -0.52525 4.37168e+15
  -0.413723   -0.599134    0.685472 5.20996e+15
          0           0           0           1
  0.0746197    0.816006    0.573207 2.55491e+15
  -0.930899    0.263111   -0.253376 2.91445e+15
  -0.357573   -0.514691    0.779253 3.47331e+15
          0           0           0           1
  -0.323884    0.800536    0.504223 3.83237e+15
  -0.850842  -0.0134044    -0.52525 4.37168e+15
  -0.413723   -0.599134    0.685472 5.20996e+15
          0           0           0           1
  -0.323884    0.800536    0.504223 3.83237e+15
  -0.850842  -0.0134044    -0.52525 4.37168e+15
  -0.413723   -0.599134    0.685472 5.20996e+15
          0           0           0           1
         -1           0           0 5.10983e+15
          0           0           1  5.8289e+15
          0           1           0 6.94661e+15
          0           0           0           1
         -1           0           0 5.10983e+15
          0           0           1  5.8289e+15
          0           1           0 6.94661e+15
          0           0           0           1
         -1           0           0 5.10983e+15
          0           0           1  5.8289e+15
          0           1           0 6.94661e+15
          0           0           0           1
         -1           0           0 5.10983e+15
          0           0           1  5.8289e+15
          0           1           0 6.94661e+15
          0           0           0           1
         -1           0           0 5.10983e+15
          0           0           1  5.8289e+15
          0           1           0 6.94661e+15
          0           0           0           1
         -1           0           0 5.10983e+15
          0           0           1  5.8289e+15
          0           1           0 6.94661e+15
          0           0           0           1
         -1           0           0 5.10983e+15
          0           0           1  5.8289e+15
          0           1           0 6.94661e+15
          0           0           0           1
         -1           0           0 5.10983e+15
          0           0           1  5.8289e+15
          0           1           0 6.94661e+15
          0           0           0           1
         -1           0           0 5.10983e+15
          0           0           1  5.8289e+15
          0           1           0 6.94661e+15
          0           0           0           1
         -1           0           0 5.10983e+15
          0           0           1  5.8289e+15
          0           1           0 6.94661e+15
          0           0           0           1
  -0.323884    0.800536    0.504223 3.83237e+15
  -0.850842  -0.0134044    -0.52525 4.37168e+15
  -0.413723   -0.599134    0.685472 5.20996e+15
          0           0           0           1
  -0.323884    0.800536    0.504223 3.83237e+15
  -0.850842  -0.0134044    -0.52525 4.37168e+15
  -0.413723   -0.599134    0.685472 5.20996e+15
          0           0           0           1
         -1           0           0 5.10983e+15
          0           0           1  5.8289e+15
          0           1           0 6.94661e+15
          0           0           0           1
         -1           0           0 5.10983e+15
          0           0           1  5.8289e+15
          0           1           0 6.94661e+15
          0           0           0           1
         -1           0           0 5.10983e+15
          0           0           1  5.8289e+15
          0           1           0 6.94661e+15
          0           0           0           1
         -1           0           0 5.10983e+15
          0           0           1  5.8289e+15
          0           1           0 6.94661e+15
          0           0           0           1
  -0.323884    0.800536    0.504223 3.83237e+15
  -0.850842  -0.0134044    -0.52525 4.37168e+15
  -0.413723   -0.599134    0.685472 5.20996e+15
          0           0           0           1
         -1           0           0 5.10983e+15
          0           0           1  5.8289e+15
          0           1           0 6.94661e+15
          0           0           0           1
         -1           0           0 5.10983e+15
          0           0           1  5.8289e+15
          0           1           0 6.94661e+15
          0           0           0           1
         -1           0           0 5.10983e+15
          0           0           1  5.8289e+15
          0           1           0 6.94661e+15
          0           0           0           1
         -1           0           0 5.10983e+15
          0           0           1  5.8289e+15
          0           1           0 6.94661e+15
          0           0           0           1
  -0.323884    0.800536    0.504223 3.83237e+15
  -0.850842  -0.0134044    -0.52525 4.37168e+15
  -0.413723   -0.599134    0.685472 5.20996e+15
          0           0           0           1
         -1           0           0 5.10983e+15
          0           0           1  5.8289e+15
          0           1           0 6.94661e+15
          0           0           0           1
         -1           0           0 5.10983e+15
          0           0           1  5.8289e+15
          0           1           0 6.94661e+15
          0           0           0           1
         -1           0           0 5.10983e+15
          0           0           1  5.8289e+15
          0           1           0 6.94661e+15
          0           0           0           1
         -1           0           0 5.10983e+15
          0           0           1  5.8289e+15
          0           1           0 6.94661e+15
          0           0           0           1
         -1           0           0 5.10983e+15
          0           0           1  5.8289e+15
          0           1           0 6.94661e+15
          0           0           0           1
         -1           0           0 5.10983e+15
          0           0           1  5.8289e+15
          0           1           0 6.94661e+15
          0           0           0           1
         -1           0           0 5.10983e+15
          0           0           1  5.8289e+15
          0           1           0 6.94661e+15
